8.856868759476582698e-04
3.416139542404146232e-03
-2.895515408549009708e-03
-2.197969814294009963e-03
4.661463034548434664e-04
2.401189768975189702e-03
-2.711941463921153494e-03
3.838179499133816466e-03
-4.303777590638230982e-04
-5.179632807356107302e-04
4.245973194264531653e-03
9.719645273169458255e-04
-8.171620307672027711e-04
-4.164642640499670312e-03
-2.295512542026148343e-03
8.431111371164567644e-04
-4.977729266268758092e-03
-2.104864157745682529e-03
2.676966841720682111e-03
3.051157351041309390e-03
3.655451980635568074e-03
2.470388438495566691e-03
-2.618511228643042449e-04
3.921114051439446302e-03
-3.227535979185374836e-03
1.351698964595723744e-03
1.372241782615008128e-03
4.145984289071608792e-03
4.522387786494910106e-04
5.261743327514591118e-04
-7.966987027402099714e-04
4.321524528448049407e-03
1.993301817567016097e-03
3.664432229147822698e-03
-2.430518805781252054e-03
-2.818683290456361432e-03
4.523566074138700085e-03
-2.356847603553298941e-03
