4.920435833145818741e-03
1.168963421674122129e-03
1.777056050304122795e-04
-3.838277178821222334e-03
4.218929176365553840e-05
-3.405182280556348640e-05
-1.392315150954126675e-03
4.914318084592781549e-03
-1.010784779564431919e-03
-4.786585474070203551e-03
2.653872384202506443e-03
-6.942407734140242787e-04
-8.871741753503506814e-04
3.714760332981594665e-03
-4.246855371261593418e-03
2.811591796677260190e-03
4.128865873722718099e-03
1.586379643496419085e-03
-4.873623219388573818e-04
-1.926081454284145084e-03
-4.009976729393701853e-04
-4.308988333502770246e-03
-3.888427244309993099e-03
-1.899748000253899480e-03
1.090077329256929940e-03
3.419932485692630739e-03
-4.920351945116321034e-03
-2.613109874392793158e-03
-3.947743815082653367e-03
3.543032228326713218e-03
1.950645208618236384e-03
3.623735255645941372e-03
-3.114240870606038540e-03
-2.803630463911869087e-03
4.609583898656507278e-03
8.178134192540556513e-04
-4.179436911909533044e-03
3.953001790619947373e-03
