8.388155235822258859e-06
-3.809885705504159267e-03
-1.220171734620325871e-03
1.267213868992415025e-03
5.514566793416173299e-04
3.850320890370576704e-03
-3.718106713630317701e-03
-1.477257211462038901e-03
4.708511164153928591e-03
-4.587561015860022046e-03
3.511488917795627801e-03
-1.268288867580966931e-03
3.391468065948609334e-03
4.135984076092152212e-03
2.850330170081663908e-03
4.361487062879539078e-03
-6.040878305346641594e-04
2.416222803208905624e-03
-2.879236299237216898e-03
-1.144415205399672286e-03
8.189162898160932610e-04
4.191388223420989059e-03
4.423824471120812313e-03
2.834411959009623672e-03
-4.404200209828392984e-03
3.251629004845957641e-03
9.169548405716021131e-04
-4.908115454158428100e-03
4.442307669646101964e-03
-4.583185532383292869e-03
-2.883275278086195811e-03
2.134829847980299240e-03
-3.494987619844927736e-03
1.448068592863417485e-03
8.233040199466705802e-04
-3.605930204193703859e-04
2.488906174869800862e-03
-2.457721795667926461e-03
