-4.268553433075297429e-03
-2.677494616636685171e-04
3.486563884853742176e-03
-1.948307870905259184e-03
-3.606993089982435743e-04
1.559535480543371502e-03
-9.599487381852928047e-04
-2.675723116126790986e-03
2.765685200301540476e-03
-3.666095398443036668e-03
2.068009756821975742e-03
-2.610243530872487835e-03
-3.627600841410076084e-03
1.802868782499968472e-03
4.357387816938836783e-03
-4.083122732214307209e-03
3.195040872290272685e-03
3.602200311715715586e-03
1.369444977120818328e-03
4.361352157907973787e-03
2.591266913516693769e-03
-1.469466573901973255e-03
-3.990792722724139166e-04
-2.957282228719083483e-03
-1.272673583538422651e-03
1.037838139485592476e-04
-1.025884321816778431e-03
5.663328175941652332e-04
-1.597760158077465766e-03
-4.899390649545218822e-03
-1.523487618595007267e-03
1.748984030659218522e-03
1.259210042007376934e-03
-1.085315549181006117e-03
2.557661569413195550e-03
-1.283379720871619199e-03
-2.303705615991299277e-03
-2.137214783738570698e-04
