-4.503601167794429698e-03
4.503661625699198132e-03
-2.506770369297649063e-03
-2.492566062083758152e-03
-1.486255193953435472e-03
2.608408079013847108e-04
2.108787110437029301e-03
-2.669667877366353314e-03
1.905542787598192914e-03
6.173765727795210712e-04
-2.693104552751973083e-03
3.827027060976493159e-03
5.526515430348613589e-04
-2.877411924044666162e-03
3.850684122090886063e-03
3.945831602810572630e-03
7.898220018450587479e-04
-1.150585626293141456e-05
2.320906556944623417e-03
-4.061037992434555523e-03
2.999009032025563154e-03
-1.428793350590539923e-03
-3.230659657352826127e-03
-4.865413824585652219e-03
2.550802239130830172e-03
-1.457115191177984180e-03
-1.692694346175379824e-03
-2.164901769456757750e-03
1.801978865076963275e-03
4.825306368300408960e-03
-3.494429725558971262e-03
-1.920185768563096446e-04
-1.087208253522645683e-03
1.571989744691016516e-04
-3.839285387792706374e-03
9.339237206821950424e-04
-6.030765005219113767e-04
-2.607601626788138508e-03
