4.122558183661136771e-03
-4.221888749029345522e-03
-4.471865774936307179e-03
2.338051742922766553e-03
-5.619279932748367720e-04
7.241397739626686397e-04
9.563210105347358381e-04
2.117056537311025506e-03
4.457992892004155466e-03
-2.822199741681819321e-03
-4.115707892635312587e-03
-4.078593112195587171e-03
-4.200874593555540062e-03
-3.276045557627484985e-03
-1.105060302437785042e-03
-6.200903833331041989e-04
-1.588467355286287894e-03
-4.436473588554649267e-03
2.651777162210600981e-03
-2.368776121087359712e-03
2.425359836211644395e-03
-3.146439130514249588e-03
1.034299265753118105e-03
-4.054127362467041008e-03
-1.132963261604938085e-03
-3.631082146094082030e-03
2.903290726506566055e-03
1.883691437773539479e-03
-5.572330062623342614e-04
-4.512554447323172645e-03
-3.249353077825381086e-03
-4.310967697214701522e-03
-3.524404531764170970e-03
-1.185810259230399982e-03
3.507818155223526094e-03
-4.185183837965473358e-03
4.474656311621529395e-03
-2.061509215699019841e-03
