3.895172620207070294e-03
-3.377953749498011776e-03
1.201388064924461922e-03
-3.028011889313280726e-03
-1.151099051471416151e-03
-1.449546467781205172e-03
2.008899301903473329e-03
-2.528662353930475736e-03
4.422174378988289606e-03
4.999042513847961125e-03
-3.447584158521286874e-03
-4.926501723932816268e-03
2.883586873737806547e-03
2.879235291936758576e-03
1.829332208298406655e-03
-2.493597216104984776e-03
9.171183783484746985e-04
3.080504909347834414e-03
1.900184860365279962e-03
-4.303365688921961980e-03
3.833601209133973009e-03
-4.732047301653642679e-03
-4.122409136265882748e-03
-4.189685037434302470e-04
-3.857634651686772664e-03
1.715809010230225952e-03
1.200278928581896207e-03
-2.371100275281217210e-04
-1.344065620453000799e-03
-2.877181305797834893e-03
2.014006697278260781e-03
-4.970120998534301865e-03
-1.552304943752073896e-03
3.933262148904536140e-03
2.024875811391458995e-03
4.949631322590348007e-03
4.680360130323392431e-03
4.318203438621312507e-03
