-1.177764265516138137e-03
1.433204734136665076e-04
4.990174598253380861e-03
3.354841524074380146e-03
-3.195661172910122666e-04
1.442419997910904424e-03
-2.652610403137959337e-03
1.176116918272359681e-03
-4.031609317579341531e-03
-2.999331970638587346e-03
3.652576158905405587e-03
1.268636550805321561e-03
2.908155762052302279e-03
-2.724381378841415815e-03
4.781644519520211398e-03
1.894505318362213649e-03
-2.246209263661768079e-03
-6.513161035227353970e-04
2.720456804595284064e-03
3.802568563311526859e-03
-3.384305766262621709e-04
-4.494257576178835312e-03
-1.066435080206886397e-03
-9.760065311656320602e-05
4.472522404905232216e-03
1.459485370658196793e-04
3.850356540553021706e-03
-3.686166046427707000e-03
4.819951105612499051e-03
3.186571112992527682e-03
4.214341206598425787e-03
2.510573947335672899e-03
-3.041837048939663880e-03
-2.413896514696159401e-04
4.008549214554362264e-04
-1.700990038508700883e-03
4.101422321767940818e-03
-4.283055125514773943e-03
