3.982928079331720175e-03
-4.170529630486160752e-03
2.569698512340886330e-03
-2.619568933409509911e-03
4.275277936901175635e-04
-2.584610421366869987e-03
2.046136338016633395e-03
3.605617117095843635e-03
3.853647874476350682e-03
-5.933307546884614495e-04
1.152354653139286110e-03
2.264879290800951919e-03
4.376128079519753591e-03
2.723976003826469004e-03
-7.581491635083748709e-04
-2.941196743961686181e-03
5.991298756913348775e-04
-3.436341564980375293e-03
-3.463847751446595853e-03
-1.268405404030678932e-03
4.200089719968325142e-03
-2.745628839969196152e-03
1.974033806369734911e-03
-4.732282265480071068e-03
-3.887006484692332852e-03
4.932663616511618124e-03
-3.439070335534387401e-04
2.433324147845953092e-03
1.412024784020247600e-03
-3.341254138620479344e-03
-4.858348258542600703e-03
1.628846626524234169e-03
-3.872239265390190269e-03
-3.931046110390000632e-03
2.891858394483215813e-04
2.208821667113065879e-03
4.026625632919982739e-03
-3.033289748242804732e-03
