4.897004201151545014e-03
7.640500379942419262e-04
7.643315874742871371e-04
9.283171037436609152e-04
-3.699760323546434290e-03
4.180281462787536692e-03
3.236601384863521669e-03
1.914087095505908817e-03
1.958327748287649016e-03
1.742374312756120140e-03
3.231435973368154690e-03
4.983430391396441797e-03
4.682841136264626405e-03
-2.060365521424133671e-03
-3.497568616467629926e-03
3.735375772312806569e-03
-1.337060109266314904e-03
1.528974857704818412e-03
1.467842942916909935e-03
3.830368887871896458e-03
-1.627533371814301154e-03
-1.247579538701472281e-03
-1.176314999166388868e-03
-5.823619068058014450e-04
-1.292814141498732205e-03
-1.083466147684614481e-03
1.747552006117368203e-03
2.824443066801483881e-03
-2.261566172760470436e-04
-4.044734300393771839e-03
-4.331025077705608073e-03
-1.919958510701418909e-03
-3.300791160914186458e-03
4.907749308447235947e-03
9.432604267205456361e-04
3.881622096579308290e-05
3.997020846842766484e-03
1.656359027456992886e-03
