9.048032865361255866e-05
-2.372755571043474922e-03
-4.007112747424079399e-03
-1.589089494912820488e-03
4.257097859831573614e-03
-1.655986649738100044e-03
-1.614299442283223095e-03
4.158610230080872841e-03
-3.635561209889161434e-03
3.176077507260101351e-04
4.172783110175722066e-03
3.973376214190291189e-03
-3.757433698196159869e-03
3.868338972275594048e-03
-4.777978218743509850e-03
3.110314802961736472e-03
2.393793274021015043e-03
3.524618486298421866e-03
-2.412430907307103276e-03
2.267950434307804478e-03
1.994211308275197977e-03
-2.256959483583309469e-03
-2.924717110001817839e-03
-4.402306929885859213e-03
1.541160022830535825e-03
-2.848686343470242712e-03
9.390596102797103481e-04
1.306224976783849044e-03
4.922217229709669253e-03
-3.679766998378547482e-03
3.889099370412818502e-03
4.855342141376936538e-03
1.532411019938482305e-03
4.738391909499846746e-03
-3.400102471188657001e-03
3.307845862604146328e-03
-1.032607508345819054e-03
-5.999078768373460047e-04
