-7.592394881183383779e-04
3.883636028234997012e-03
1.669122010532104149e-03
4.211575580900154755e-03
1.985365928069398461e-03
1.461601876352384630e-03
1.114617357739580185e-03
2.275253511944332063e-03
-1.489491344826562608e-03
4.233447862478333101e-03
-6.139563459437316975e-04
-1.972490334311613903e-03
1.634853920260726477e-03
2.986589443375563258e-04
-3.879409909338759135e-03
6.779724794612352473e-04
3.986107177185794700e-03
4.671333521568437480e-03
-8.264425998633865428e-04
3.209952572501631463e-04
-1.135097397995944637e-03
-3.106326679681302959e-03
3.929192077840142072e-03
-3.674112556349553010e-03
-2.046199575036150922e-04
1.086878322440515583e-03
-4.148443085291737137e-03
3.519282830213885799e-03
2.302448469797473835e-03
3.730222073959532994e-03
1.313755107349326261e-03
-3.176890593465564808e-03
2.776917836287704291e-04
-3.782042001975873240e-03
1.457991445720507005e-03
4.917201710117028932e-03
-4.308682297715151453e-03
-2.113205599064594317e-03
