1.720277344858584488e-03
2.048813299769055955e-03
-1.835431795198655403e-04
-2.438633232263603262e-03
4.067946278003024482e-04
2.297801881383917597e-04
-9.153573848989602496e-04
1.123631173376391304e-03
-3.122506012963488509e-03
4.680644944352189626e-03
3.562830964101704190e-04
-2.006652008769170548e-03
1.338273820026131267e-03
2.856349908253166467e-03
1.974015743219699297e-03
-4.224490300036072392e-03
2.647169054868799172e-03
-3.230465705044098263e-03
3.010100601268163659e-03
-4.912006081812250562e-03
-1.405477928719681916e-03
-4.759221109020258210e-03
2.993955164804270458e-04
-4.235498674141068357e-03
4.430265986080131682e-03
2.298532396768377534e-03
1.677538011613381383e-03
-1.724423209373069331e-03
-2.830661396485692309e-03
3.750552867692102943e-03
-4.724189988656106801e-03
-3.004601860907936059e-04
-2.961441804750482385e-03
-4.080840355387502921e-04
-1.371553045199278096e-03
3.273839102906293472e-03
-1.266033707174003126e-03
-3.848912659039249295e-03
