-4.188274553643307058e-03
-2.290213670531203623e-03
3.516981425879285583e-04
4.918040383683052602e-05
2.166904298410997180e-03
3.114235713562764352e-03
-2.345547934606459842e-03
1.927097798754128823e-03
2.158197635647957600e-03
2.809734187206692352e-03
-2.487845301951518723e-03
2.097297072421065375e-04
-2.552518033565741046e-03
3.979591315118265887e-03
-2.126385450130369777e-03
-9.720443729825771484e-04
-3.496082890402952507e-03
-3.730430654284666234e-03
4.466638596668407596e-03
-2.475486833075078372e-03
-9.442769928249177339e-04
2.801678030039509229e-03
-4.014965918512751648e-03
4.690623580573738058e-03
3.928105536223174682e-03
-3.941518661674628041e-03
3.342717313153342057e-03
-4.390360103039408005e-03
-3.525783510499585528e-03
-2.400630916007820762e-04
1.362969381787488242e-03
-1.108752969366146989e-03
2.653237129412967452e-04
3.019352276516526143e-03
1.990054730677917258e-03
1.372438786689684879e-03
-4.129099316694330273e-03
-1.645433473643534081e-03
