-3.750576081629002426e-03
1.204446504959920741e-03
6.355444197155080480e-04
-2.124290525047318155e-03
1.277434250829889012e-03
-2.245896113421615246e-03
4.707560889645176494e-03
-4.910274770683137162e-03
2.981776523828083558e-03
3.129931725122915565e-03
4.891773039822239558e-03
-7.544237032656711181e-04
-1.689296106219343938e-03
3.081098235139951777e-03
-3.322100222484952042e-03
1.644610523895178450e-03
1.375098998963033767e-04
4.254674535109659664e-03
-1.795245369220670097e-03
-4.760383321824603400e-03
-1.483541696507077387e-03
-6.966796434541089669e-04
2.205601342306872693e-03
-3.754955916573729600e-03
4.591926235610822166e-03
-3.913313053657777735e-04
2.091223527037535702e-03
-2.780765449936679640e-03
3.168968511900968968e-03
2.420887506645457397e-03
-8.044393975820633008e-04
-2.326710657072775159e-03
-1.210891041404172589e-03
1.105961174159027401e-03
-3.087821428897494051e-03
4.576226427017000831e-03
-3.210529147458691685e-03
-3.335447285043274639e-03
