-3.282282770267061153e-03
3.671385146352793699e-03
-1.626953442050762741e-03
3.240827752249176089e-03
4.756504182188621768e-03
-3.992107741529206041e-03
-6.318612302972908407e-04
-8.912323231762856943e-04
1.557468903991602281e-03
1.553816947823923045e-03
-9.666540344011268632e-04
-1.120438263693204935e-03
2.801005456732580216e-03
4.361035777289995474e-03
-1.227484883533400996e-03
-6.625093053852035979e-04
2.781278531017531905e-03
4.601122719794174809e-03
4.028867252762522930e-03
-3.524166846139394245e-03
2.038560235316821609e-03
4.511733556015641924e-03
-4.194476665027322207e-04
-4.467925944447690388e-03
-4.982293709428790504e-04
-2.383863633044077616e-03
-3.750778376455965978e-03
-9.406519135477702312e-04
1.497269134009627037e-04
4.747611292199485633e-03
-4.699615715771801074e-03
-1.011112337988386185e-03
2.431625333788542571e-03
1.739783321418495940e-03
4.001511875085054029e-03
-3.374313398743276991e-03
-2.111108866993452286e-03
-2.767798004292370412e-03
