-4.419815724460564137e-03
-4.603888487783884889e-03
2.943018873347870087e-03
-1.771283113089610825e-03
-7.434895681895162256e-04
4.670587082024049361e-04
5.595978948856527788e-04
4.315058844732716156e-03
-1.429420236798195892e-03
4.449366471340553131e-03
-2.954810175879361844e-03
-3.854410929211541867e-03
-2.030423993251874362e-03
-1.147969925178156294e-03
2.167205850675590038e-03
-4.073393695896918888e-03
1.729343790132915198e-03
1.729689000729791627e-03
-4.683146260216582667e-03
-4.398872240981974678e-03
2.702699644744892271e-03
-8.833570645848934019e-04
-3.450561525522337011e-04
-4.675495442598830848e-04
3.302494174395808127e-03
-9.872445347310094405e-04
-4.932576223809844070e-03
3.270284903233316304e-03
2.772663436672295409e-03
1.179337802675817226e-03
1.746598191805316669e-03
4.822780818843153475e-03
5.839357549432570502e-04
3.491090626821334933e-03
3.078291249255417014e-03
-9.374812032219093441e-04
4.878301679601347238e-03
-4.812052455345471220e-03
