4.330805768491515287e-03
-4.369946449292081390e-03
1.681720183829781522e-03
3.139554990360384976e-03
3.171480438219183989e-03
3.847911034569462610e-03
4.417022379236896709e-03
-2.177546692659279581e-04
-4.495043169259950455e-03
-3.595999902265270640e-03
-1.391967870217218194e-03
-2.513084424723708091e-04
-3.247476251504460929e-03
6.700027855153613612e-04
3.634439742008303484e-03
-3.069715757863857811e-03
-1.978358778095123862e-03
-2.391031395174210688e-03
-4.923153910652197304e-03
-4.556934339677715107e-04
2.074208360348446523e-03
3.647810211525199728e-03
-3.514034978723667296e-03
-3.794175166061714184e-03
-3.597241681042878062e-03
-1.657987669530005745e-03
-2.157269354280045692e-03
2.659808325870587076e-03
4.255136102078218782e-03
3.691938681462300295e-03
1.668012994756317216e-03
-1.556331136944086053e-03
2.099796537940266244e-04
-4.400739499217936820e-03
2.146084739279366382e-03
1.488001763761756177e-03
4.254058449376008424e-03
-1.352256039726740158e-03
