-1.006848952171074917e-03
-1.048925791072092412e-03
9.067756612671255476e-04
5.306039064491598067e-04
-4.901367542550774496e-03
4.605837311140469070e-03
-2.205848132545537316e-03
-2.082982154293267548e-03
-3.446151934692936927e-03
1.159490820314810003e-03
-3.741389787684594112e-03
4.059922118447393050e-03
-8.619545024353102158e-04
-3.360981381059354074e-03
2.364233111950773611e-03
-4.598798490307353173e-03
-3.229018456043592378e-03
-4.936111891488978963e-03
-2.974380675905987856e-03
2.245775573838116983e-03
-2.660239091124456945e-04
-4.288077434107410990e-03
1.585359889746855780e-03
-3.420766300357191807e-03
6.564586616308884862e-04
-1.825468440088779884e-03
-1.425221407327056152e-03
2.184615913035717338e-04
2.205764826875655435e-03
3.031440515878830802e-03
-1.087862797986880771e-03
-4.499602267737018435e-03
3.474949349974084181e-03
-1.595488009985956881e-03
-4.122218159443915945e-03
-4.044118023829660659e-03
3.679025109375665473e-03
-4.985638845150439785e-03
