-4.343206874201268296e-03
-1.411664091882707146e-03
-1.401267037355972359e-03
-4.036466153496237261e-03
1.096676760924957146e-03
4.694249928815844713e-03
-4.872215303825667802e-03
1.756303498588365763e-03
-1.109099931703510893e-03
4.146102927892260023e-03
-8.787053575735372102e-05
3.680032542597140577e-03
-3.709138981254566595e-03
-1.044355250564531212e-04
3.880653510859732522e-03
-1.794176254987343497e-03
2.232847141785119713e-03
-1.220889633183156256e-03
3.655925014259724451e-04
4.963660994751034963e-03
-4.290007767380447576e-03
2.385491556632088513e-03
-2.435106650793385577e-04
-3.632022681854200213e-03
2.824665283415997777e-03
-3.613068962133057782e-03
-2.013101548908003465e-03
1.870636323632692867e-03
-1.950749435295030376e-03
3.642185017134601938e-03
-2.120075092918670499e-03
-3.430794437900772098e-04
-2.860473189383459097e-03
-4.551960132607404085e-03
-6.162620801137596097e-04
-1.649996793358485606e-03
2.920383608279572898e-03
3.374001367754135908e-03
