-1.950800406503248961e-03
2.769562419653054212e-03
-1.380356386893182973e-03
-1.809652803212562135e-03
-4.178195979947654272e-03
-2.381603822982299428e-03
3.584357619190981295e-03
-1.369551334785018386e-03
1.020685769997479314e-03
-2.056360890642433201e-03
-3.485567724120643834e-03
-2.215442898004438364e-03
4.879920661969832513e-04
-4.843528623149402461e-03
4.695937153204885264e-03
1.367880837719457308e-03
2.417694454269906160e-03
4.148514508779486271e-03
4.147298184180327890e-03
-9.685154419415368393e-04
-4.836507017664372875e-03
1.552756120258707261e-03
4.937972617703546840e-03
-4.034259954109479900e-03
-1.436844923410962333e-03
-5.144218445710000906e-04
3.682720803797959186e-03
1.147083302243834257e-03
-4.376911955712687631e-03
-9.578105337652523948e-04
2.870265557108245269e-03
1.373251832156136346e-03
-3.984925964653857934e-03
2.150349734082765245e-03
-3.474321328470790331e-03
2.076451329127614910e-03
-2.756406994958374244e-03
-1.784228462662885983e-03
