-1.503065699827414812e-03
-4.344248037213961286e-03
-3.974045805619271649e-03
3.616022368495385234e-03
9.917767895120752769e-05
-2.364927412805569416e-03
-3.200533433638544974e-03
-2.884444063075005185e-03
-4.133603445840479569e-03
3.065915341055214238e-03
4.838765911374512396e-03
-2.333685713873795420e-04
-2.738899828281931691e-03
-3.709433575199259578e-03
-1.048800248146589988e-03
3.698449610749120903e-03
-5.720066319579927838e-04
-2.996412673228540571e-03
-3.681338342439411174e-03
-3.823106827201414731e-03
1.736581939887049328e-03
3.018873177589876874e-03
2.005046924235430288e-03
1.410348671034447263e-03
3.137110272130750471e-04
-1.663158680364528255e-04
2.053881060794278922e-03
8.836781661064330162e-04
-2.187171970519446399e-03
-2.205802045756225394e-03
2.833891880070058336e-03
8.291731835601478737e-04
-3.290804963147764273e-07
1.927236520785153423e-03
-3.863500516194262428e-03
-1.357512839744836122e-03
-3.769026020854103140e-04
-2.269626791317738614e-03
