-4.324151872372569184e-03
3.571458950466637264e-03
-4.519061294185743906e-03
-2.665228720555041370e-05
-1.655205472532910674e-03
-1.308281437788308757e-03
-3.486612261394570964e-04
1.249333395500961882e-04
-4.854319495796681656e-03
1.377136174176505842e-03
-2.069333040673806794e-03
-4.840648953076831344e-03
5.389491826543859124e-04
-4.935239532165748219e-03
-5.748091879842140428e-06
4.508209596298228677e-03
-2.766723221902792160e-03
-3.618889088157764208e-04
1.154880996518840158e-03
2.554402058111184155e-03
3.080697963509685527e-03
-8.260123951527994710e-04
-1.606320414070095542e-03
-1.025760612778583644e-03
-1.047498837071323720e-03
1.902094509021515049e-03
-3.557284896858019241e-04
-2.296852763460581481e-03
-1.632804566675510188e-03
4.162240380185115371e-03
-3.291880867656724746e-03
1.209835677470451516e-03
-1.268081451905329893e-03
-2.686347841746213484e-03
3.757375797579178348e-03
3.054645508621315134e-03
-1.166267275227448382e-03
2.989336583869689132e-03
