-6.198325615328331012e-05
-1.300295272180787814e-03
-4.742675793559112535e-03
8.162444906351998264e-04
3.721604725045568607e-03
-4.048841737806343002e-04
-3.029088668663905155e-03
-2.414145932174507642e-03
3.745633564252951603e-03
-4.728870093364447719e-03
-4.834929152130456632e-03
-4.331471660394979085e-03
6.524831245742932981e-04
-2.970154667038389824e-03
1.925009300624946906e-03
4.281647745238825048e-03
3.227003239736929083e-03
3.900647902988644070e-04
7.213349841577038069e-04
-1.627536202705863553e-03
1.316992446230162532e-03
-3.187093919487478128e-03
8.495055041786549535e-04
4.841680545583116127e-03
4.673970896823790092e-03
-3.294465564443113670e-05
-8.964058146471052743e-04
1.062111067561394111e-03
-2.628344954979457831e-03
-3.148795613855935073e-03
-3.956586704818221799e-03
-2.751152456898878305e-03
-2.328860390913183639e-03
-2.876287978985576574e-03
3.456181758435681456e-03
-1.824516062555975576e-03
3.915281874013928562e-03
9.044388982484101447e-04
