3.797538842244421384e-03
-3.146289797331212369e-03
4.382099535704024953e-03
-4.190286013239317292e-03
1.146055734168249622e-03
-1.558961723718495056e-03
5.098409102883630362e-04
-4.887082930064593975e-04
-3.677905873213377884e-03
-1.682327021708450963e-03
4.266468378808212919e-04
-3.652700578334583826e-03
-1.988299232355077682e-03
-4.272477702378422136e-03
-4.097320673149922737e-03
1.606799472633966587e-03
2.184081417750179978e-03
2.725220145657057148e-03
1.368838113989783584e-05
1.854379689162754391e-04
2.450321006351133257e-03
-4.338216890346866320e-03
4.965605653413708229e-03
3.491687350127803749e-03
-1.848745171518536949e-03
1.112338752590666911e-03
-2.499913554773044652e-04
-2.092634219706292990e-03
-1.564876276514340706e-03
-4.605811151300739752e-03
-3.135864111600387277e-03
-7.802953960969003649e-04
4.005009582975132057e-04
1.282717858595654702e-03
-4.321713958847173132e-03
2.536194262245886760e-04
-2.492204469262858206e-03
4.646209868574075613e-03
