-8.632903067443045003e-05
2.625470618195392854e-03
-4.787375733908801750e-03
6.646427024402223188e-04
-1.370828719593905880e-03
-7.282126385567411209e-04
-3.580690306775763734e-03
-1.312341051043109698e-03
4.949145803822307607e-03
3.655576635962705032e-03
-1.306739528240570547e-04
3.600399036995691887e-03
-1.063481433694883627e-03
-1.318073714384379678e-03
-1.461815494888597973e-03
3.995660719313643208e-03
1.396500234791778206e-03
-1.598446159184275031e-04
-3.386376399920055808e-03
-7.864911577667773462e-04
-1.471006913769237322e-03
-3.022061196148924291e-03
-3.026816546722445843e-03
1.430288202359760071e-03
3.198476016852578804e-03
5.567391854634081913e-04
2.977354968714108693e-03
-1.733309164460902947e-03
-3.894701632335254016e-03
1.662870749593287067e-03
-4.601440408264914107e-03
3.301425754589977501e-03
-4.869575375008709968e-03
4.124917080081454135e-03
2.642425282106835617e-03
2.278104525092574002e-03
-4.600892323384290356e-03
3.112640623538052639e-03
