3.010677159312873455e-03
-2.394323781039243981e-04
1.158491413361977668e-03
-1.883256510074707117e-03
-3.513952160533758903e-03
-4.271001361880037185e-03
6.241250499666797791e-04
2.476186093707934653e-03
2.840324474980502820e-03
-3.540111211244653579e-03
-4.499194687353109956e-03
4.713879377944150614e-03
-4.952232348089877223e-04
-4.423569370174377721e-03
-2.410656401778200723e-03
3.642065184806468625e-03
3.504970592743955962e-03
-2.817576161562584947e-03
-2.701596921995649218e-03
4.040424444807944743e-04
-7.887571943958381418e-04
3.103070952518846223e-03
3.772869841079884434e-03
-4.251280613778676831e-03
-3.707252416740771522e-03
4.411999261464153929e-03
-1.121992188288170687e-03
3.313980545985115850e-03
3.401738587899112709e-03
-1.887025927508312849e-03
-3.378488618717854532e-03
-4.275282174080932002e-04
3.390418564039598959e-03
3.047397211700041478e-03
-4.360953538154905933e-03
4.841238926826444897e-03
1.825313839577381858e-03
3.075325948125815986e-03
