2.687290056201071739e-03
-3.994481583717218037e-03
4.318942065941402605e-03
1.439610629585340480e-03
-3.037988748676703678e-03
2.447453050330520609e-03
2.690658966287563271e-03
8.489902656916258061e-04
4.876804456346575320e-04
-4.076260155701541890e-03
-3.998988629757853699e-03
-3.419584538260864517e-03
3.672705650147730858e-04
4.491504397866014769e-03
1.905220051284396005e-04
2.890480360996160875e-03
1.225154788082725814e-03
3.378248279918836736e-03
-4.828442506368606398e-03
-2.932871237693998254e-03
1.883765673350648595e-04
-3.549329805630272068e-03
2.804017668287863210e-03
-9.416339554725299682e-04
-1.682736353261794163e-03
2.623253677944718462e-04
-1.660456147197020022e-03
-5.675247719834292451e-04
9.762995940113799315e-04
4.039040511858302956e-03
-2.428587998781301435e-03
-7.339882560950927032e-05
4.631415909608645187e-03
-2.290102178424343899e-03
-1.245408163412823569e-03
4.737313809160733150e-03
-2.807029055863616198e-03
-2.483696388430356537e-03
