2.155651933409573340e-03
-1.250777756051219252e-03
-2.312674984667080751e-03
1.785052688383854773e-03
5.358978673326081008e-04
-1.340085832316839989e-03
-3.763776847494108672e-03
-1.438990376597949674e-03
-4.980051930609353562e-03
7.593292728274763162e-04
-4.190257456876719799e-03
-4.241238211511412157e-03
-1.421113779216414807e-03
4.639952704128962740e-03
-1.214441748027929660e-04
1.393684888352344879e-03
2.497681146270138222e-03
9.084915256199702777e-04
-5.698424143793642468e-04
-3.569729312808354090e-03
-3.587459438200265444e-03
1.953353713399942973e-03
4.563351239525802183e-03
-1.420255826050831512e-03
-3.194961193548801620e-03
-4.760712144167765676e-03
-1.217651396581854312e-03
-1.804900375812331249e-03
-3.757386867925613036e-03
-2.745169514625029651e-03
-4.816960268445788507e-03
3.642192473827906424e-03
1.534497612324632956e-04
-3.638980982817876988e-03
-1.260847111113406506e-03
1.226594358070421525e-04
9.169069027973979213e-04
2.190278541526335422e-03
