-4.161429207331374634e-03
4.386692156959101294e-03
-4.269643652142959475e-03
-2.910353840777420847e-04
-1.303748364365578481e-03
2.749943055203352658e-03
-2.558952186883832816e-04
3.745025290767891452e-03
2.482095456155902248e-03
-2.746639998037773023e-03
-2.887047484662343469e-03
-4.863653103144778209e-03
-4.876477276787851908e-03
-3.412304950256543710e-03
3.513961388509991013e-03
4.596303691747028949e-03
-1.696431390611130227e-03
-1.757769012236651534e-03
3.351167670901293236e-03
-2.638758692850552267e-03
1.404373219892382507e-03
-1.797443463652499338e-03
-9.542216360253225754e-04
4.253784272036714373e-03
-1.078227674395477141e-03
2.095216093088531246e-03
-3.965315517548232208e-03
4.561925952865747771e-03
-4.416987058941182487e-04
2.034791389017565760e-03
2.949039260009563013e-03
2.682367422834573516e-03
1.788029080467339396e-03
3.591853247651703718e-03
-1.650225455633594178e-03
2.372072784336066824e-03
-3.580362267575043847e-03
3.486819406387528172e-03
