4.668510122580656410e-03
-5.476095179189647763e-04
-2.604464821239725874e-03
4.058333395265746255e-03
3.682583031180821503e-03
2.986153690982980974e-03
-4.271988923954555227e-03
6.146350889136989806e-04
1.542553494193327213e-03
-3.509287979125680964e-03
4.802682256818777140e-03
1.074188887008902318e-03
-3.066887279390766510e-03
-4.337505049578463910e-03
-3.155643371437659786e-04
7.462689629645115341e-04
3.913446232507335545e-03
-1.878715245314944125e-03
7.449298918404435865e-05
3.596423068972556467e-03
3.290051083152240735e-03
-2.997156772565713178e-03
2.583293044805416716e-03
-4.529697731546872622e-03
1.742618927661026586e-03
5.320278472029562472e-04
4.183520495400164935e-03
3.442706855824456680e-03
-4.426295535368003631e-03
1.492381469532289007e-03
4.169818908343100872e-03
4.767785421806105747e-03
4.371046925089102503e-04
-1.489477260699924224e-03
2.904496261458363107e-03
-3.924036686950908154e-03
-2.381771507348291825e-03
3.233994620783100724e-03
