2.260379164160268572e-03
2.777324669801591213e-03
-2.485280163486742674e-03
-2.672948018873173067e-03
3.935795707004823354e-04
-4.932661078563894616e-03
9.198441788048107581e-04
9.263144158291273383e-04
-8.663116953538134088e-04
3.122401761617155103e-03
2.162874219007783656e-03
3.332618022245216818e-03
2.940430462554110419e-03
-7.088257014019432034e-04
-4.184212068744807243e-03
-1.966657760771377880e-03
2.061203585843962918e-04
-3.864610418760665560e-03
-3.833982302801457187e-04
-1.741930474895959403e-03
8.793356655197670860e-04
1.477306174050264931e-03
4.167473064483730519e-03
-3.889800284326537690e-03
-2.938904113443810331e-03
3.862121595320632678e-04
-1.051725510543581252e-04
-6.156771539801968868e-05
-8.531253237256545066e-04
-3.414565255260870215e-03
-2.411259404527760046e-03
-4.779424060364124288e-03
-1.526926706547228774e-03
-3.461644556961704887e-03
-2.845874493111012933e-03
4.472968376345830277e-03
-3.289709960329637896e-03
3.935110765395221505e-03
