-2.058809054128100426e-03
8.903055594344068749e-04
6.873002253440022025e-04
-1.499229213780613797e-03
1.202990576573282309e-03
2.708701423214777450e-03
-8.909098787945384998e-04
-3.481253431887056625e-03
-3.743615696247679786e-03
3.592957123221203128e-03
-3.576431242476090996e-04
2.743535687188399137e-03
1.965759968769030357e-03
-5.142411106307878677e-04
-5.794213301546502493e-04
-1.117122174824860224e-03
-2.291499642194096738e-03
-3.838272433985593333e-03
3.761292350682595223e-03
-2.518279071406224253e-03
3.234054100633865919e-03
-4.350044743525427818e-03
-2.241566979944367797e-03
-7.721582830562808905e-04
1.038151833010769916e-03
1.976092084434396580e-03
1.494724801877083190e-03
-8.012414317196889235e-04
-9.937592685808349646e-04
1.335735517102768811e-03
-1.668067617828821597e-03
-1.174603850581130461e-03
1.383166438819871842e-03
-1.365991819809348872e-03
2.655047565631855379e-03
1.017367609312022636e-03
-2.986021295405848815e-03
-1.110172066657495044e-03
