-4.821689239893752962e-04
2.663953112885271597e-03
-8.525621247182889328e-05
2.846612551577606606e-03
3.899993415529856219e-03
4.363989694825773716e-03
1.028489271905775292e-03
-3.636351884316107660e-04
-4.573167834945505474e-03
1.710705892636846248e-03
3.203748897631487555e-03
-3.625609641468061518e-03
3.049372664045741851e-03
4.375126779710017053e-03
8.125262675163702139e-04
-1.648086385104795271e-04
1.493353276107647377e-03
4.543515196711814946e-03
-2.862020071352004875e-03
-2.669612024878430072e-03
-1.861353451958674965e-03
1.713259289871600644e-03
2.267741518674955617e-03
-2.562859666432153183e-03
-3.921436321679659838e-03
2.324623409968867502e-03
-4.956537780224087170e-03
9.084991164288423737e-04
3.983713117106033041e-04
4.593191942361882912e-03
4.301970700315842222e-03
2.744935577230749740e-04
7.430676502593611468e-04
-4.519079963587200113e-03
1.368386980567600289e-03
4.319065017608427273e-03
4.083783626531499109e-03
-1.684737451910089598e-03
