2.570162434682997897e-03
-1.137364685815569348e-04
-3.685878401173538037e-03
-4.831047938598096586e-03
1.294473952374976602e-04
-1.031721170440155246e-03
-2.918696845145899582e-03
-1.848685366861939350e-03
-4.657464457337127418e-03
1.516652113946127985e-03
4.904926031375328108e-03
3.149681108480807332e-03
2.381265225149083002e-03
-4.923103974700916187e-03
4.267004198679542892e-03
-2.645705768214399144e-03
1.946202737290700889e-03
-4.215102762463089278e-03
3.862962930143256854e-03
1.051873452957055588e-03
-4.943697837830798164e-03
-4.223096540041052643e-04
4.984935739341191802e-03
1.553652484360817931e-03
-2.611726366451166698e-03
-1.551257871447418897e-03
4.108564322764409263e-03
3.062929219087663635e-03
-6.947349336791381474e-05
1.467138484013055105e-04
2.381385936592013766e-04
-4.345816462625684030e-03
-3.756017202366849356e-03
2.558760188358661335e-03
-3.191492768894018534e-03
-9.602026761211766848e-04
-4.953681804290076957e-03
4.216452232639927161e-03
