-4.385386973238215511e-04
-2.140080281592170522e-03
-2.526289631025658081e-03
-3.094880911087628458e-03
-2.040984079647497392e-03
2.261577456028461379e-03
-1.829818736420997082e-03
-1.006573471701898218e-04
-4.335727688572763201e-03
-4.413094415113805527e-03
-3.503100767435075868e-03
-5.067387706145145415e-05
-2.531960015967077253e-03
2.105629452976469189e-03
2.755186046884015513e-04
-2.440793800121449694e-03
2.581849976335004807e-03
-3.192951682370569633e-03
1.773940735201815985e-03
8.915252455672139156e-04
3.943781665692265570e-03
-2.036656296369124090e-03
-4.359884934233802800e-04
2.072672350190078554e-03
4.640397216304733771e-03
4.802443852263586083e-03
-3.405704684947138787e-03
-2.877683123161884141e-04
4.210617491383567348e-03
-5.880910797751662950e-04
-8.368268833650197372e-04
2.450652091345679497e-03
2.321890408750250726e-03
-3.699031537584169214e-03
1.683312725293774001e-04
1.677514635756922542e-03
5.773552263254148886e-04
-3.014351921695821845e-03
