-2.436649729662537789e-05
1.861573220927712803e-03
1.382500965870026369e-04
3.305693550537652098e-04
-1.645627667338216572e-03
-3.568679910678684321e-03
-3.123688860957163534e-03
5.554093363362077804e-04
2.629698414371634853e-03
-4.972654573164712703e-03
-8.520143714131908977e-04
7.721847397128504126e-04
2.990184517442932149e-03
2.079899642686545112e-03
-3.460574995702445089e-03
2.092703460356666427e-03
3.264064164995672188e-03
-4.072991942204489541e-03
3.143217992508419434e-03
-2.253970294620693832e-03
4.970117339834861231e-03
2.255985725135026959e-03
-2.621023103784599507e-03
-1.089778623138274068e-03
4.997905182324057297e-03
-2.266323735801587403e-03
4.529811500456022016e-03
3.586889645677692959e-03
2.488148290749407979e-03
-2.148794402440485328e-03
2.891320628371111395e-03
1.843647283252578851e-03
4.315338906503795799e-03
4.670247413766627498e-03
2.742708009087840675e-03
-2.587906220613404775e-03
-4.858808571195593479e-03
3.795973570272960160e-03
