3.231328228250184703e-04
3.195825104656321164e-05
8.744609927368272861e-04
1.241121668417621143e-03
-2.263093708936273277e-03
-3.082969182014562784e-03
-2.146127394113733246e-03
3.515831661673617450e-03
-4.235832527820219094e-03
4.330910271749019436e-03
-7.413872724566644701e-04
2.768460788327195554e-03
3.696945647837299523e-03
-1.456185851498306358e-03
-1.737762786817343818e-03
-4.358335971469108790e-03
-2.702444561828600596e-03
-2.890935891422682924e-03
-4.064402844861005754e-04
-5.050586313318037451e-04
-4.325182622290680255e-03
-1.937454674221480207e-03
-1.041671723241417366e-03
-2.134685681005488427e-03
-2.867697993981245617e-03
-3.265141758017824775e-03
-2.601272896173177293e-03
4.614528890900110314e-03
1.713277564568696509e-03
-1.056639443587055818e-03
2.302409131194848441e-03
-2.838027262904057376e-03
3.998513388352456510e-03
2.367490729061330276e-04
4.346214230886906102e-03
-2.367439030125815299e-03
-1.278784971556084105e-03
4.806630548133763309e-03
