2.659537339272618692e-03
2.356910803473113818e-03
3.313344324581893666e-03
-2.833218175664216007e-03
3.617613427200877529e-03
2.158434768591172351e-03
-3.308005560604899021e-03
1.885441681838163908e-03
-9.179112454769360746e-04
-7.804373395639179270e-04
-2.224576947545094715e-03
2.796301709192631005e-03
1.134106240461658574e-03
-2.557128079918289960e-03
-3.750043559116026694e-03
1.983946799634146545e-03
4.390535057589493168e-03
2.375522999629539438e-03
-2.370983205795883491e-03
3.044290337492035897e-03
3.533714451935522291e-03
-4.130258475613060587e-03
-7.669195134540427589e-04
3.881262497059626004e-03
-3.056279097022278086e-03
-2.954960142637510275e-03
-2.265538595881706925e-03
-3.448927408350884426e-03
1.890880099430486579e-03
4.434097374312469600e-03
4.027553017869998572e-03
-2.965138536963818437e-03
2.116886622991751184e-03
-4.546497525983219691e-03
2.539255169940262194e-03
4.100084974163181045e-04
4.130554777154881937e-03
-1.565611182740175595e-03
