-9.626326045509819157e-04
-2.383334348422601941e-03
-2.992286032121714828e-03
2.121409030551527769e-03
5.904808594429343527e-04
-1.959919348252490718e-03
2.167483075056664439e-03
-1.856571399463293609e-04
-1.998025221859292717e-03
2.276126955492224248e-03
-3.944952914489505656e-03
2.244530104643837655e-03
8.026607344715401895e-04
3.963598183184053464e-03
-3.073004222381168875e-03
-4.426595009806555056e-03
-4.122285856398525718e-03
-3.015087895121704251e-03
-2.981863291349504379e-03
2.794035488217530908e-03
2.006633889405353907e-04
-2.439349106757122618e-04
-2.796163078845345998e-04
-8.328931123926545596e-04
-5.313134772425434985e-04
4.673157310061334946e-03
1.942233119330797654e-03
-3.838527312926619077e-03
1.733891014290478948e-03
-4.913084874733166831e-03
-2.381096592293364175e-03
-4.444201699985682319e-05
-3.784756803808215532e-03
3.820078397354346664e-03
4.311256013227682260e-03
5.059306743065887860e-04
6.791331748171791291e-04
-2.579987181109188576e-03
