-1.549913510238604825e-03
4.621547806467009648e-03
-3.641989409750971858e-03
1.215088749914415740e-03
-4.649600200261337288e-03
9.973270423119118960e-04
-1.151394284038855832e-03
2.709373257074032364e-03
-4.275469241601814567e-03
3.199233581826775238e-03
-2.385366770801401314e-03
-2.192435865689588981e-03
4.527866665991493039e-05
6.202839541049566183e-04
3.364682881912595819e-03
-2.920023649876893508e-03
3.121793756833189312e-03
-1.423291966440657676e-03
-2.520530824556129965e-04
1.071496475088633271e-04
-1.698956340277604001e-03
-3.162783921900475838e-03
2.660696463928531597e-03
-3.873955146378561289e-03
-4.326374916039746679e-03
-2.339416198811497625e-03
4.736340262861109957e-04
-3.271927941355638400e-03
3.850545841013405107e-03
2.965795419242637371e-03
1.014120204905745448e-03
2.151657294730762761e-03
4.785885706652196966e-03
-1.561749164696601272e-03
1.559596837866827033e-03
-5.897315718820074840e-04
3.438003124871311447e-03
-3.525676089125538704e-04
