3.354284212027431114e-03
4.480570078646913326e-03
-5.198722518336817283e-04
1.451405252953506461e-03
2.207021178638156333e-04
3.527585518832334482e-04
-3.620424134361693337e-03
-2.903825783511089411e-03
-7.294942821750131923e-04
-2.598574253684457318e-03
3.300205172794487551e-04
-3.946777226939150035e-03
-3.083436138019564690e-03
8.580057473247769406e-04
-4.489610410073101993e-03
4.991040863789472648e-03
2.416984332322688958e-04
-2.338056403700816514e-03
3.223325590731167950e-03
1.145164903877532447e-03
-3.732123981509865088e-03
2.069489314441422430e-03
-4.199908454840309974e-03
8.259396835973613696e-04
-4.611137525939125112e-03
4.647560233548743078e-03
1.159759943937155660e-03
4.955661404429909794e-03
3.793855372879326865e-03
-2.383803459649613821e-03
-2.808748264069212477e-03
-1.734182389714076025e-03
6.695908587332401879e-04
2.940832437038813987e-04
-6.596828213396360371e-04
3.488171931226092745e-03
-2.875913688649292879e-04
4.729279610966556288e-03
