1.970548613121597681e-03
-8.489404389919377042e-04
7.324586896374305628e-04
2.795747240183626796e-03
-4.362128595370591208e-03
-2.684965323253959719e-03
2.440302092571187791e-03
7.742207597983830070e-04
-4.302953883245937312e-03
3.813538706933912448e-03
-1.296146421563497408e-03
-2.434927858664562121e-03
4.834139244576388106e-03
-1.999435848182849404e-03
-3.947502885862127879e-03
-1.722098527033506712e-03
-1.947997186755209744e-03
-1.379537923089969170e-03
3.775662511515997036e-03
-1.575256081367192636e-03
7.404807370521328258e-04
1.397236028305690742e-03
-9.798841177419935489e-04
-3.515326181725675347e-03
-3.046335512186456717e-03
-2.675136570106925911e-03
-7.208430127536224682e-04
-3.174910684174437996e-03
-2.419830445342818163e-03
2.323469872691876111e-03
-3.474594461697507602e-03
-2.702125637319418693e-03
-2.605779064885401213e-03
4.769518821247679605e-03
4.082985704019059109e-03
4.537303265149271805e-03
1.824114749405578335e-03
1.835733562883882716e-03
