-2.032201608239114429e-03
4.439981094967921510e-03
-1.276551455424917297e-03
8.360902314107918412e-04
-3.096371063943783100e-03
2.375934827057702391e-03
2.932281149902944348e-03
1.234054948256385793e-03
4.606580340149260197e-03
-6.109782839849794978e-04
-2.016993427855450199e-03
-4.716860162502709009e-04
4.302494765987924588e-03
-1.683773453232971506e-03
2.430773952155650987e-03
2.583759493641271665e-03
-1.323096705438328580e-04
-8.471424739913387472e-04
-4.767332243072275842e-03
1.649514487460939163e-03
1.722136421085713152e-03
-1.322593380001893613e-03
2.226289728981013794e-04
5.217766581984539104e-04
2.039739667217110169e-03
-2.723757728259204938e-04
4.957154033629493362e-03
3.967689329183577904e-03
1.042092987885980156e-03
3.717607969415346117e-03
1.279347270336052278e-03
-3.812408091069202296e-03
-2.085547861675579508e-03
-4.628936251653524570e-03
3.311309677824126815e-03
-2.967591777219081087e-04
-2.508481139453217976e-03
2.561550447410039684e-03
