5.486774160396654110e-04
-1.057124539629860326e-03
2.157084211813656109e-03
7.034643557417468232e-04
6.446930730841975501e-04
4.119724951861381337e-03
2.257037367678499558e-03
3.057561556395504629e-03
1.744431213926599805e-03
3.236028923727131412e-03
2.110437302879467764e-03
2.296228462026636552e-03
-4.933460515441259742e-03
2.277163330769663846e-05
3.681730545667494942e-03
-2.519529065022435739e-03
-4.017429770424687033e-04
-4.554702040838499999e-03
-1.054775457687393177e-03
-2.559268039061148806e-03
-2.117516970023233022e-03
4.482965896590293542e-03
4.058150694403333397e-03
-1.188652684478295769e-03
1.930944972436833725e-03
-2.236727210127023840e-03
3.120382536788642719e-03
-1.473952645638260898e-03
-1.057297687855146551e-03
3.213006666584880197e-03
4.529117666803372105e-03
3.110923375170005986e-03
1.585825443302700880e-03
-2.723471994007117380e-03
-1.010403469308421981e-03
-1.563275383168678898e-03
-5.203246961393917513e-04
-1.494454696874416341e-03
