-6.096215550673595579e-04
-3.942698604724394380e-03
1.053620547922363634e-03
4.950212303940883588e-04
1.861156872323828718e-03
3.449506003055985773e-03
-1.100066704867465415e-03
-3.082671273426464131e-03
-3.000390323090163913e-03
-2.959671806746553332e-03
-4.856555848901586425e-04
-2.451959179804498630e-03
-2.800876666104198161e-03
1.830894490645585369e-03
-3.509191158233708301e-03
-3.219128481973515706e-03
1.254064458953979902e-03
3.575404621136778205e-03
-2.817699294618914233e-04
-4.238082989282384097e-04
-1.024019325792557139e-03
2.406085706113210952e-03
1.602273396430476532e-03
3.046031821449107779e-03
2.021762926847991450e-03
3.594293610995492189e-04
-2.773997621055934379e-03
-3.679637013385000932e-04
-4.061474975859331524e-03
4.644071041736733477e-03
-4.164377576819104122e-03
-3.612775491267770749e-03
3.966569036077302254e-03
1.206736359506882517e-03
4.171365851785603651e-03
4.719700054444865567e-03
-3.800357147808420752e-03
7.737963837930661101e-04
