-1.822130077237770363e-03
-4.880444646224956634e-03
4.363088110240640610e-03
-1.062987932079224179e-05
2.604599229696891692e-03
-4.076256573303703445e-03
2.615492601200462321e-03
-3.258924498873051225e-03
-3.040929772125926939e-04
-2.377350873096248807e-03
9.659485276618563765e-04
-3.027919873783070214e-03
-1.762871704393866642e-03
-2.238004129234916206e-03
1.548825926008633690e-03
-1.286922803651622486e-03
-3.130568849027229403e-03
-2.926951672015149376e-03
-3.558363160253198015e-03
8.178481764520330322e-04
3.343574103673040837e-03
1.403219820782959648e-03
2.798447932542400853e-03
1.808690882412322849e-03
3.461268460425305504e-03
2.788389690449577345e-03
-4.251323379442377252e-03
-2.965369420189678876e-03
1.154961090242318314e-03
-3.627968943313150327e-04
6.341169275759965876e-04
2.350221679448834429e-03
-3.450794077163200392e-03
1.800438155900948092e-03
-1.280735058921464789e-03
-2.152480430858319960e-03
3.878309790852829328e-03
-3.314685447738537592e-03
