-2.138186422751960861e-03
-1.846057977043690217e-03
-1.236955735510205344e-03
4.931839664559208372e-03
-2.876211780697436864e-03
3.488464153189952191e-03
4.314515118130640356e-03
-1.333442305137370887e-04
2.613087943233522586e-03
-4.569929901069189233e-03
1.434170856823675615e-03
3.655278576976037780e-03
1.884899540272955490e-03
-1.550283461881245446e-03
-4.602282104893618171e-03
-1.632460572874317069e-03
-3.675410286054100160e-03
-3.765293198408298757e-03
4.197455367212192187e-03
2.643319938535031687e-03
4.865252743443760144e-04
-1.649481514756610985e-03
3.862402594359513885e-03
1.247620715076556627e-03
2.749984483122192014e-04
-3.203449737653905546e-03
7.714769637761388632e-04
2.874195596617461559e-03
1.353447078517699097e-03
-1.183974955310067995e-03
2.459235335862248323e-03
1.174059376694586848e-05
2.637180864648320210e-03
-2.498324548488764507e-03
1.488103630933837462e-03
3.543183945735861248e-03
4.030128153081069531e-04
-7.268926788910863926e-04
