3.297198964441673541e-03
-4.569211161713448294e-03
2.717850520635124376e-04
-3.052406099020533656e-03
-3.642476741383035219e-03
2.215351337254190672e-03
-2.167812637763932675e-03
-1.852739379573165816e-03
-3.814512653931860856e-03
4.117807773349822786e-03
-4.575972202134832509e-03
5.332342488488343857e-05
4.878835631730219988e-03
1.203117640713570816e-04
-1.896125617921043133e-03
4.736222639234673876e-03
2.663638173536064281e-03
-2.222105444187377678e-03
3.035429956176486158e-03
-9.152348472877495228e-04
3.446825390534261763e-03
-1.299524746208840630e-03
-2.126034621255428782e-03
1.326617646660231860e-03
-1.264963055744132425e-04
4.084782288341994722e-03
-2.897039273143800671e-03
2.522027209141373960e-04
-3.684141757070631164e-03
2.702212065972722788e-03
-2.070291614152261310e-03
-1.820790988503102805e-03
-1.632907764903325423e-03
5.714281237317181406e-05
6.567816957686462009e-04
-4.978197298779154373e-03
-4.224496679985773745e-03
-4.177790043163810869e-03
