-4.207719514520598392e-03
-2.563980637849808987e-03
2.740969061192023021e-03
-1.377472620589603389e-03
4.615671773287696039e-03
3.088083492365743810e-03
-4.977881827813914611e-05
4.996592903689792489e-04
8.476162783752159285e-04
4.951757408770034521e-03
3.818009270921806503e-03
-3.323849233422880665e-03
1.656434246611574942e-03
-2.589578965598708128e-03
4.729230726925551936e-04
-3.648305594336450405e-03
-2.000400716664380019e-03
3.564495743644570391e-04
-1.825737973490493531e-03
1.114224271750978955e-03
-3.471809048301680543e-03
8.293696902290838974e-05
-3.477782284435474748e-03
4.226797394154930068e-03
1.430904465952202373e-03
5.114124483386250572e-04
-1.176753867809343483e-03
3.885698160541102911e-03
4.769261494608703286e-03
-3.572239785448106351e-03
-4.022849402160539461e-03
-1.685796244777718750e-05
1.193845339583061993e-03
2.272794925594412603e-03
-4.443082804546150295e-03
-4.522714926401569767e-03
-5.605532132725646322e-04
7.549950644072066230e-06
