-4.575654735297765563e-03
4.864716866201516596e-03
4.385058151010765362e-04
4.792882320671768698e-03
3.836130125713019950e-03
-2.271500394287123432e-03
-4.608084331105774881e-03
-3.540366161589210414e-03
-1.767632726109193923e-03
-4.553484425844555802e-04
2.635354514789969675e-03
-3.546839013836340475e-03
1.046772601545803254e-03
-3.976329247411809591e-03
-1.357964092084592688e-03
-2.282090977380406283e-03
-2.450867182460983191e-03
-2.660979494395284643e-03
3.902273850179860046e-03
-2.779506560392158623e-03
-3.945293244302324788e-03
-4.688550778515199018e-03
5.040946438553562531e-04
-4.347277847874126029e-03
-7.102782843352037703e-04
-4.335640301652753971e-03
-4.068704368539985232e-03
-4.597236875732536171e-03
-3.481217615576708523e-03
-7.467055811838938309e-04
7.844901945412881272e-05
-9.643886116471982184e-04
-3.818657139077297029e-03
2.486916898079121960e-03
3.425056759025071201e-03
-5.160285811909469042e-04
1.570789782979122896e-03
-1.775066637014280357e-04
