-1.636218364043852836e-03
-1.850817871806903405e-03
4.479326895609885353e-03
1.411326566244251214e-03
-1.411186322050972733e-04
4.343930470538428720e-03
-4.773105491797425409e-03
3.314214829505795004e-03
-2.129040646543842782e-03
3.174971289265592772e-03
-4.269944334658383814e-03
4.600916507992046031e-04
4.950286688961738277e-03
-4.298166686516681143e-03
2.498902687985014338e-03
3.893035897602573417e-03
-1.885918863998214002e-03
4.320431837433698352e-03
-2.214388899389666335e-03
2.814870631660320102e-03
1.287464399130395717e-03
8.112689605620981501e-04
1.529520472673445881e-03
-2.610038340879151583e-04
3.729325422448472385e-03
4.855512791207194576e-03
1.297155290747709251e-03
-1.068880052778444292e-03
-1.846122557137040449e-03
-3.376347775767476328e-04
1.619223494979620155e-03
-1.706334338879833806e-03
-1.965308276794331191e-04
-3.875448562460349217e-03
2.819713652649999749e-03
2.831086335778791943e-04
-4.523644302910683791e-03
-4.088078139402483678e-03
