-1.681657937049379960e-03
-3.374283931151818468e-03
-1.490935020159508267e-04
-3.482206515274278383e-03
3.524248166641276089e-03
-3.255838168184757402e-03
-3.951987508038058358e-03
5.158964675467505104e-04
-2.297441881888340458e-03
-2.844571187469388703e-03
-2.909387366702868849e-03
3.314535610796642828e-03
-1.927070812408875761e-04
4.405863522504906843e-04
-4.152295748104588985e-03
9.146907932263024718e-04
4.059234872062772795e-03
-4.090777732611024231e-03
2.161409117843529626e-04
4.782491982111870821e-03
5.688171047310269096e-04
-3.232909205023809518e-03
1.991727315529621088e-03
7.558165450952478853e-04
3.449796022229952019e-03
-9.088502308530962970e-04
-4.029898713630163283e-03
3.213625311586365552e-03
2.157779442970457484e-03
1.321625527040184815e-03
3.656195806334843618e-03
1.120647601164006385e-03
1.574278614979404342e-03
-1.101119512723337107e-03
-4.478460647197792834e-03
-2.653867880751498935e-03
9.973610659333087200e-04
1.401890751488195710e-03
