-3.587855774828234597e-03
-3.115999465493218996e-03
-2.846873385273056278e-05
-4.633187385943748730e-03
-6.745943081402682243e-04
-4.643372695250382216e-03
-3.458478434929562056e-03
-7.827570195016488042e-04
-1.954581797780543390e-05
1.425096357145528257e-03
-2.741090777866429101e-03
3.004498610803547909e-03
2.557746202044046055e-04
-2.306003181536751823e-03
7.318437850488161353e-04
2.552912239210551604e-03
-2.507896052348057223e-03
-2.154951266690035509e-03
2.611065532863623972e-03
-1.466387353919232448e-03
-2.909013675279520459e-03
-2.125440349481213208e-03
4.831622608094861618e-03
-4.771091605356383818e-03
1.878107094715070376e-03
7.236078445008687840e-04
2.602342652024465346e-03
-2.716152177201473436e-03
-3.599802826366801847e-03
2.061336854299891663e-03
1.273261642079862727e-05
-2.358315121626658982e-03
4.024132045876772576e-03
3.513991822031284351e-03
2.208323638944041656e-03
-2.334731794125712717e-04
-2.399155520968138458e-04
4.864772580746959049e-03
