7.618663643503440983e-04
-3.458765025552466756e-03
-1.590459910020156249e-03
1.935786169229208875e-03
-2.423404078111097548e-03
1.113988837107348501e-03
-4.380974907162469428e-03
-3.101616380971868384e-04
7.588849745590563189e-04
-4.316158346863104706e-03
-3.608644462037680946e-03
1.533483029431422125e-03
2.422849316515292631e-03
2.810167021477213804e-03
2.795218840444647392e-03
-2.363032628677946227e-03
-3.218259602853914582e-03
2.335155663521462817e-03
-2.337182296296128406e-03
-1.400286521351910146e-03
-4.264831581346770380e-03
-1.732675155793517337e-03
7.122877348732714262e-04
2.298845690252923277e-03
1.194803476127142411e-03
1.547638504025549214e-03
2.454675923576318634e-03
-3.487473113121051203e-03
-2.852231983283792707e-03
2.201751780023641220e-03
-4.258413481968663719e-03
-1.486906469623904079e-03
-1.871756316972882864e-03
-2.608213318745721074e-03
-3.615663685953522145e-03
-3.974696310659636689e-03
1.507359370779118996e-03
2.848566021979592050e-03
