3.920939263619459617e-03
-3.173615981965569911e-03
3.521562144359552740e-03
-6.045183007754497545e-04
-4.856575315855209303e-03
-1.997252180677457079e-03
-2.928300102601119007e-03
2.668932764482801444e-03
4.427779328943309833e-03
1.279212846395380923e-04
4.012123102200034278e-03
9.289638172428121496e-04
-2.646038337274428734e-03
2.655846066215513009e-03
3.511792002622235453e-04
4.450970722696090745e-03
4.551408126854563155e-03
-3.996924658836957869e-03
-3.821742166820127524e-03
2.469852188474855326e-03
5.860266312803456140e-04
-4.052560991281295086e-03
-4.407943217548115043e-03
3.858221414025857221e-03
-1.520575919085470195e-03
-2.286395960189388597e-03
4.446255812237063718e-03
-3.576977140571854785e-03
-2.709091621385410851e-03
1.294040286204249310e-03
-1.347488723005148357e-03
-4.845367447744069848e-03
-9.163065733048137568e-04
-3.123534300678140231e-03
3.404120050650983470e-03
-3.734723429859214752e-03
3.005513996208006300e-03
4.049100979572659020e-03
