-1.126890196041375591e-03
-4.084336349726428415e-03
-1.748259284965254790e-03
-4.778499708459354837e-03
3.307517768790143795e-03
-3.231414045775579669e-03
3.682344988255564777e-03
-4.654916732390584205e-04
4.137527877870680881e-03
3.553008031474390663e-03
4.689367865215936931e-03
4.728651205898449714e-03
-3.216137082143125624e-03
-2.500881812835603017e-03
1.339632887724908662e-03
-1.849731335855650874e-04
7.591430265279997328e-04
1.631974125706073600e-04
3.092076423100343849e-03
-3.898152835235004204e-03
-6.398605686879152432e-04
3.258779714696661070e-03
-2.792981005099810701e-03
1.837519363132726277e-03
3.070165177957042899e-03
-1.179901038338255007e-03
2.229989590301021535e-04
-4.695220259967229984e-04
-1.367603992971526839e-03
-4.557687994113165421e-03
-3.229082779225497801e-04
-2.426466965572944903e-04
-1.941065085022235844e-03
-6.709840080456868500e-04
-1.932209292767673656e-03
-3.628532270537981191e-03
3.084344120749092297e-03
-5.287501638648736332e-04
