-9.281264295607841164e-04
-3.907090032324835732e-03
-4.756772947157027545e-03
3.152506798332014443e-04
3.741861319823888699e-04
1.867249576634669346e-03
-1.025062200044240916e-03
-1.769083704713542583e-03
2.970713345378092271e-03
5.152678949597571528e-04
4.087616218423439571e-03
3.196644358306580808e-03
-3.392792091627146352e-03
-3.842759977313887215e-05
3.429199877163875351e-03
1.224780604616071585e-03
-3.062327409372057191e-03
1.337380476776867111e-03
-4.700075792483729420e-03
-3.711477308340552228e-03
2.573840433819918339e-04
-1.146119432864822242e-03
-1.955368235981094771e-04
-1.105689883752793146e-04
2.755565585294886960e-03
-2.863296886170944768e-03
-4.782297677263419415e-03
-2.586879808787243603e-03
3.759579287459803229e-03
-2.569664021603209822e-03
-4.474850131423701617e-03
-4.153553708350157976e-03
-3.751724194830611397e-04
1.346412645740615449e-03
-4.249046739412741351e-03
-2.512528730799806070e-03
7.690530001130992110e-04
-3.198816854506656565e-03
