-1.848749305616717922e-03
-3.304895208548433265e-03
8.391257295038249964e-04
2.304168788866251504e-03
-4.529464126779016511e-03
4.978787223162776596e-03
3.788170302564447881e-03
3.425704974350263568e-03
5.720641911684575323e-04
-3.202458240662574979e-03
-4.639830563348028118e-03
4.578648340741923659e-03
-1.545349582202342441e-03
4.349130160702900302e-03
-3.907001855715370314e-03
1.757718686262912944e-03
-3.266685312355302288e-03
-5.647576738698140489e-04
-9.005092125140990583e-04
8.510537460681786431e-04
-4.821303884181488315e-03
8.323468723287095680e-04
9.935300564055333031e-04
3.697360171440372545e-03
-8.910048356060504271e-04
1.443245451391263028e-03
4.864746288130274501e-04
1.777654769942666087e-03
-4.752173434953637504e-03
4.824694588426438682e-03
5.750358267984020944e-04
-1.764652851238639273e-03
-1.733758643614440563e-03
-4.948913841925985622e-03
3.073462821279484419e-03
-3.852607826910500223e-03
-4.808677027395540614e-03
1.573531924294846798e-03
