3.673894696343446911e-03
2.421583857957581437e-03
4.582042719276030809e-03
1.996837719208353033e-03
4.967620408485955846e-03
-1.589351300422188994e-03
-9.441682083729608169e-04
-3.376141584040530386e-03
-5.384177523063337842e-04
2.668742151944562824e-04
1.163933881305348819e-04
-7.993195396088434435e-05
1.397452340647529698e-03
3.769849404357736994e-03
-3.046827732784213299e-03
-2.985358088495870810e-03
-4.196974526667110982e-03
9.606518381695171652e-04
-3.858916712551325665e-03
-2.705204721359045095e-03
2.397863021898693006e-03
-1.666984768436131394e-03
1.401807493529393274e-03
7.489472002124991645e-05
-9.307271572832820014e-04
-9.731745765945874413e-04
-4.220447230542960157e-03
-1.213715811653533205e-03
-4.088244245873541571e-03
-7.110401309160605671e-04
1.108847032493752091e-03
4.744293305431320981e-03
-1.430561843286915023e-03
-2.014633508766067518e-03
2.393500538271156608e-04
-1.310622733091804278e-03
-1.129954591574619006e-03
-1.125541930779805095e-03
