3.959141148640668573e-03
1.263699166544217725e-03
1.417196923921866872e-03
-1.035956553299480221e-04
-1.614865019061170661e-03
2.597426936756126563e-03
2.467811520630414958e-03
3.197435729673106866e-03
1.433010098083956074e-04
1.497686155809854411e-03
1.590838583684708873e-05
-2.739969441685386701e-03
1.006336896754890867e-03
3.729898765072592673e-03
-1.700707330672653408e-04
-3.944756557549817730e-03
7.925538315206159118e-05
-3.455474090064588645e-03
4.208377342517050437e-03
-3.655880930260937099e-03
-1.611966391852777489e-03
-3.222074938461986192e-03
1.927582190391418510e-03
2.204079384122079044e-04
4.107305182663452403e-03
1.813871632151162032e-03
-3.277631225006003880e-03
4.432778883032218592e-03
3.064098498176247992e-03
4.217148839546909847e-03
6.623929544613557999e-04
-4.241202298116523994e-04
-6.447656824645200610e-04
2.180929814941832620e-04
9.749620799145465588e-05
-1.851988225729437904e-03
-3.838382547727350012e-03
-4.561596623727888142e-03
