1.068326169461081103e-03
-4.067721658709876412e-03
1.325135674584428103e-03
-4.967096648457466380e-03
-2.547174811656538560e-03
-1.229680887295386393e-03
-4.452034905802653049e-03
-3.672981831389141201e-03
-3.157492063562686389e-03
-1.939846236690800918e-03
-1.878465375941934870e-03
-2.178816535040204935e-04
1.621597100659197786e-03
3.505948919841026315e-03
-4.880730881450788018e-03
4.070819520428580265e-03
-4.420161909715483207e-03
4.337839202481333367e-03
1.328177759844683531e-03
-1.316267113538860476e-03
-9.719851671073313076e-04
1.188009910481690329e-03
-3.106158133151052606e-03
8.059569141173877210e-04
-2.833320270193189286e-03
2.711533109800000167e-03
5.245250586504556639e-04
-3.773618821938983306e-03
-1.136277814645544372e-03
-1.141401792920173752e-03
3.904543504080667735e-03
2.000859619882620725e-03
4.511850353727057603e-03
2.092610655208937409e-03
-4.591399695322889891e-03
3.975501810925576029e-03
-1.658717304884818437e-03
4.556867063636570875e-03
