4.454738122541287634e-03
4.658966682655628702e-03
-3.021071655665048469e-03
-1.523893974954389913e-03
3.108532141924535280e-04
-3.416534070465336408e-03
3.449927645036083776e-03
2.388681088676163772e-03
-9.449189436329628877e-04
-2.576774740338976313e-04
3.693881519180302470e-03
-2.565500689650054150e-03
-3.036503131733930480e-03
-3.078089940793214165e-03
4.224639793137252575e-03
1.067976215386431775e-03
-4.152675087291545289e-03
9.360996551139493319e-04
2.519475240697281737e-03
-4.456661800805271703e-03
-4.390181002807560552e-03
2.520724709757938414e-04
-2.647751847584160247e-03
2.601783052848881395e-03
2.717050043563422335e-03
3.752852775557924403e-03
3.003249743483279652e-03
2.282124359293398810e-03
-4.831393137555188393e-03
1.560626951001590698e-04
3.381029525009722134e-03
-1.794150556353007932e-03
-4.784650907239192293e-03
-3.088896392532715363e-03
-1.756587017288142264e-03
3.317103772241571102e-04
-7.327661746430345555e-04
1.355146280879866022e-03
