3.418631807970060749e-03
1.946195402373925368e-03
-3.526444930822717622e-03
-4.870127609651540325e-03
-3.893649484392567185e-03
3.370870211947433331e-03
-3.338395165334973221e-03
4.254007620577303708e-03
4.195759523792950280e-03
-3.135835081770343979e-03
-2.409164772611236370e-03
3.232995147563465579e-03
3.503608755574452033e-03
-1.714887769541586279e-03
3.058507273918166167e-03
-4.382259334374177979e-03
4.519640459856096026e-03
5.315188979449674347e-04
-3.598973954061222488e-03
-2.810534642041025329e-03
4.300161603018345588e-03
2.960114713172534717e-03
3.935796656490114093e-04
-1.361486346762676592e-03
3.750361056517699174e-03
-2.003536295256791444e-03
-5.551256978441297674e-05
-2.216020551272033200e-03
1.907199512952515580e-03
-4.346993791581582785e-03
-3.822610241369218606e-03
9.767568919695950383e-04
3.506761933638115336e-03
-7.356239424088171358e-04
-3.037155200280306378e-03
3.400028982178679784e-03
-3.773384519777607526e-03
4.095023155408248489e-03
