-1.224565418984783442e-03
-3.758724518524898545e-03
1.315040345756007117e-03
-3.986779834343982115e-03
-4.571124708531817613e-03
-2.752418430515574544e-03
-4.676103708411353047e-03
1.385952675791675415e-03
-2.075805678870483711e-03
-1.724951724261063624e-03
-4.463099286490947171e-03
-1.460467908148650046e-03
4.024122132312095076e-03
-3.566405549442435482e-03
-2.566994994994276167e-03
6.894369109788998223e-05
-4.454921952274289512e-03
6.643592610634440829e-04
-3.844991347654974113e-03
-2.882749873951317120e-03
-4.521595330437563377e-03
-2.464462234999849170e-03
1.493295665919784111e-03
-6.359413268202255068e-04
-2.198342549737484098e-03
-4.035161351044994939e-03
1.558680680676430806e-03
1.084814552395569308e-03
3.386276023921235348e-03
-2.303406918265687910e-03
4.621750342429264621e-03
3.266062787764105815e-03
1.908035461577643060e-03
4.882619259245823962e-03
-3.060682613793538030e-03
9.575648504018532611e-04
-2.549303272524030845e-03
-6.718174328273233617e-04
