3.752988207219852893e-03
4.275969500568152157e-03
-4.954918293801217725e-03
-4.815208072652376811e-03
-1.185988251359413118e-03
-5.950448158285118194e-04
-1.997116949899565858e-03
7.497674713611984787e-04
4.698580086516742499e-03
4.041988273961927627e-03
2.282278129027695210e-03
2.721977731338661929e-03
9.141438586539674463e-04
1.407791357131426245e-03
4.954643790089132901e-03
3.072308269702313591e-03
2.682124440887581791e-03
3.424885927729128671e-03
-2.499049725346552502e-03
-6.804774279325215280e-04
2.400279004608450728e-04
4.281389617709688983e-03
-4.968393185541077929e-03
3.166461779049214650e-03
1.208423760990526806e-03
-5.552998843485566077e-04
-2.421663230006314890e-03
-7.906967893056976449e-04
-1.447046463612253631e-03
-3.005494803716159645e-03
-2.710715678158372166e-04
-3.886329541599418957e-03
3.941269980915871815e-03
7.783588116537457774e-04
-1.602705926315096084e-03
4.397588726503171008e-03
-4.650804534711136182e-03
-2.642080942371058134e-03
