-2.215328314946610807e-03
-2.181763041963683588e-03
3.250321994327827133e-03
-3.279496319883669700e-03
-4.821274533902485115e-03
-2.145095911367437321e-03
1.626583050821012351e-03
-2.948314424675308864e-03
4.443664676582826170e-04
-5.419578223163704078e-05
-4.664805822633507487e-03
1.172961038614384402e-03
-4.083627586966073232e-03
-4.536859026918853288e-04
6.830730364558159837e-04
3.581069434477526098e-03
1.871821631547225182e-04
-2.866027816506384364e-03
-6.268879068602054364e-04
3.656812386110453242e-03
-1.293845773561630181e-03
3.589100225843470243e-03
2.970959646247011213e-03
-3.386204219580963952e-03
-1.604063225488708191e-03
3.249644906232161679e-04
-6.170941047460142687e-04
2.464709223493128341e-03
2.478283001075285222e-04
-3.112487877376689683e-03
-1.733712226917300155e-03
1.305891895670075430e-03
2.422749562147238564e-03
4.350256813065823264e-03
-2.468342937593515952e-03
-4.567377942795514470e-03
-3.524656937000126937e-03
-2.663200670357223840e-03
