6.095748438754320861e-04
5.180110392359891028e-04
-2.471403397946544695e-03
-7.286723515688622171e-04
3.481510379984774708e-03
5.150228385903208445e-04
-1.137293032274742932e-04
3.120160065011161679e-03
3.698332586250387133e-03
4.786979258145404592e-03
-4.790964253858838451e-03
-2.273626105458523370e-03
2.435554486899576578e-03
-4.694466715238133046e-03
-2.970557068696495079e-03
-4.961352603753787886e-03
3.883567423991020340e-03
-4.237038944200002301e-03
3.118002791216231348e-03
1.684503182970045754e-03
-3.983722219813843647e-03
1.988857993893196167e-03
8.587684763432254856e-04
1.541229146531925345e-03
2.680286410826735952e-03
-5.986654994516692196e-04
4.317765238302542080e-03
2.589463429639094448e-03
3.555943495361299500e-04
-3.751080909859642876e-03
2.082993717075835340e-03
-1.869706531603665661e-03
3.781061533631150176e-03
-2.370204609991582740e-03
4.219692142869997664e-03
4.328813295307749540e-03
-4.381166374603296873e-03
2.413447360431872704e-03
