1.124614170091803832e-03
-4.521176269721250557e-03
1.392008119193292523e-03
-3.163204010770928176e-03
-1.029199810099371871e-03
2.521420112101169404e-03
2.738442450843699832e-04
3.711372962222911701e-03
5.798668929450001217e-04
1.617072969950080971e-04
-1.366350269322420385e-03
-3.707568487927045617e-03
3.609043116446941646e-03
-2.674930691514386394e-04
3.115065642556591463e-03
2.544373277595317340e-03
-3.915703967027487145e-03
3.573950957013535476e-03
-1.997103669870835523e-03
1.995512758830890118e-03
3.495291215743309698e-03
2.331168085777614828e-03
4.773389670695536713e-04
-6.567309293997944386e-04
-1.969580991242503298e-03
1.872106819526168399e-03
-4.376550109775230457e-03
-2.001128589072139613e-03
-1.669154768176558338e-03
-2.771860672791891331e-03
-2.906816154218620080e-03
3.909789362368248575e-03
-1.422164702867560228e-03
9.090026574389478004e-04
1.725051894856490138e-03
-3.830969337805581725e-03
4.446355367479688098e-03
1.712439426608666423e-03
