4.357277379589125435e-03
-2.854674197627005226e-03
1.605860777741907088e-03
2.416187060595770784e-03
-1.710780680788203008e-03
-2.876158976359160808e-03
4.866792390680141009e-03
4.241561494665216370e-03
-1.487824764687777079e-04
3.290315089766534737e-03
3.617388693202609057e-03
2.186100404040237748e-03
-3.657369345338639353e-03
-4.024055416493544854e-03
-4.734332985886911989e-03
-6.125324861422972583e-05
-4.989434506602772809e-04
-6.189952794488032956e-04
-4.564564290386909085e-03
-6.475035203742027234e-04
2.476547906692128445e-03
4.419111501903705969e-03
-2.116420233848414524e-03
-6.793565590994176881e-04
-4.467142617848816714e-03
-4.671604390184104852e-03
-3.020684828559834067e-03
3.727565750516331766e-03
3.077013435255442769e-03
-3.455351101850382897e-03
4.149559127856129043e-03
3.018047168899912550e-03
6.115323408509669434e-04
1.724562192454853933e-03
-2.034107935916553735e-03
-2.877824229523038343e-03
-3.135435251963276417e-03
3.988517845364228723e-03
