-3.400461606435606181e-03
-4.969330428436518135e-03
-1.864547105745317703e-03
2.224359091885664413e-04
1.089098312013047493e-04
-3.276777005689092241e-03
-1.487613794766818806e-03
2.612900563143107265e-03
-3.283883314065148482e-03
3.645838428646118803e-03
-2.040756553943513796e-04
4.393894842415384597e-03
-1.213981072009563504e-03
-4.516798624083362933e-03
-3.228696381670396760e-03
-8.260733308767887265e-04
-2.527804808536864879e-03
2.525677479275585842e-03
-1.491581017093854180e-03
3.914391222090514086e-03
4.578949196873226615e-03
3.840969453640848477e-03
-2.177469277033686808e-03
3.256408555788962295e-03
-2.951731716959995686e-03
-7.749985372123352131e-04
1.315634520521228971e-03
3.352979909280866602e-03
-4.639390280899511297e-03
-4.867728350353005273e-03
3.063818007690316536e-03
-1.069318974801516942e-03
3.194961734716091420e-03
-3.723863230436698368e-03
-5.299725996937582756e-04
7.846209629105019637e-04
-1.438076088459215585e-03
-1.213915500867035219e-03
