-2.488802921086859590e-03
-1.804515102354182447e-03
1.567723250781646351e-03
2.892721560783172510e-03
9.780373559239953149e-04
-3.628829327414358728e-03
-4.941467557605026990e-03
4.674457708767421407e-04
-4.757356085599278445e-04
-3.887348880428060857e-03
3.471166820589734539e-03
2.348573901974150384e-03
1.419205873178713134e-03
-4.635262789170253687e-03
-2.378517619454992207e-03
1.688366277820337220e-03
4.916595677191409886e-03
-4.808975877919985896e-03
-1.683365955206547141e-03
-4.147833007771530890e-03
-2.980362012747171663e-04
-3.860806368380529686e-03
1.193910441721447897e-03
-1.512938865614373712e-05
1.782791657872356134e-03
-2.493134597200173143e-03
4.739913432546755470e-03
2.830114625801325584e-03
3.240192690942460610e-03
1.994314749919542766e-03
-1.152902222013125252e-03
1.516107467793356180e-03
4.349935245940274309e-03
1.023676300652788529e-03
1.967093903572071818e-03
-1.842941436955213615e-03
-9.179093108814427235e-04
-1.284859661190192182e-04
