-1.797138662220413696e-03
2.397735211065577139e-03
-4.418084389913915465e-03
3.558738988224546124e-03
-3.110679832326270714e-03
3.528539495684887908e-03
8.659734032505960258e-04
-9.091193476649583535e-04
-2.608187900601168820e-03
3.707328689748407013e-03
2.803396377204072330e-03
-4.258734557221779266e-03
2.221665893599288587e-03
-1.094198425906341230e-03
7.842350786062581014e-04
3.147808740246268999e-03
2.081279613828465602e-03
-3.264626976829705304e-03
-4.666221541787056969e-03
1.451365972351197423e-03
-3.499456802787443040e-03
-2.912920525504899411e-03
-2.344436268827767428e-03
1.112441886824529214e-03
-3.102807448440016852e-03
3.179886313340336140e-03
-5.192449778336650362e-04
-1.428045067711148069e-03
4.040123660460807203e-03
3.364867335845031157e-03
-2.515040313435099994e-03
-1.383459227379280846e-03
5.382698870289668452e-04
-4.819084120622220933e-03
-2.614956670110465259e-03
4.042562249236845984e-03
-3.381681552826287882e-03
-1.386735731111613142e-03
