-3.113846899624416169e-03
-1.762911601809561638e-03
4.807372185385686697e-03
-2.099012657418777329e-03
3.529321881571682168e-03
8.288150969025685419e-04
4.465328132800429686e-03
-3.689141418867851810e-03
-3.247430035981743561e-03
-1.297393369254088661e-03
-1.166934274515992517e-03
-1.428979225312986510e-03
-4.619279252762105090e-03
2.263343454627827697e-03
2.645970621540036545e-03
-8.043678529897017176e-04
5.009441176047693678e-05
3.928930294737535342e-03
6.825603904920801018e-04
-1.574672766134799749e-03
1.368264995460665399e-03
-2.534768568588854562e-03
5.724425638827142226e-05
4.923341915797517163e-04
8.023687945129930749e-04
4.138647941531219815e-03
-1.940651475515537371e-03
1.583207408296298351e-03
-3.445491456154818090e-03
1.889279449916458908e-03
-4.403284065193057047e-03
-4.928100617499390525e-03
1.064744244585800678e-03
-5.985230863639872528e-04
-4.568110902961870431e-03
1.720251959967558468e-03
7.237448105968224271e-04
-7.626145589075331022e-05
