4.983802094952607259e-03
1.712221300228968304e-03
-4.848697013922747406e-04
-4.912576820094309397e-03
-2.302462305439175166e-03
3.166805557360593409e-03
-4.228828276058151613e-03
-4.407080070119581000e-03
9.567094026358274883e-04
2.322271277089851815e-03
3.752503278899314149e-03
-4.016853702302803503e-03
3.442695192571341642e-03
-8.407962318135123875e-04
-6.969152068507632886e-04
-1.477234438535984448e-03
3.152494307254179173e-03
4.999944156908376139e-03
4.241208103594965723e-03
-4.636811565483992328e-03
4.013628380846840163e-03
-6.109081247907856282e-05
-4.297556364296688421e-03
4.673023111890059825e-03
-4.838844030240286968e-03
-1.771961193742491517e-03
8.055407396089370176e-04
-1.117693744100534993e-03
3.232521219177081351e-05
3.088211618078160262e-03
1.594288579219446840e-03
4.090916532210895143e-04
1.087257512327714434e-03
-1.224477965018710632e-03
4.233948927336247253e-03
1.159455902940563672e-03
-2.836503990165031765e-03
1.457039413636704132e-03
