2.736601068934086702e-03
-3.418381579517801219e-03
4.879262418424783199e-03
3.206539737989490269e-03
1.586929241128617885e-03
5.813982817701379355e-04
4.071603979103843168e-03
-4.043904474709179159e-03
3.299853289967036654e-03
-4.056541944590401870e-03
2.559316600991285232e-03
-3.799235491773927335e-03
-4.038801747785537334e-03
2.018379325514426878e-03
-2.030496901978133800e-03
1.247683894329346121e-04
-3.878474218467578907e-03
3.105397837329833266e-03
-1.786090147940398373e-04
-3.203720312993752189e-03
3.579585484442981969e-03
3.173453962599338471e-03
-7.190407132207279201e-04
-2.018511007620734082e-03
3.241560699535881579e-03
-3.246172958627145406e-03
-7.414575599212465742e-04
1.154078754882535175e-03
-3.746424972472268012e-03
-2.991484640990658538e-03
-3.620925271974276098e-03
-1.524825652972986063e-03
3.804760060600433438e-03
4.148873463747678250e-03
-1.332622269349271939e-03
-8.439108561171439898e-04
-2.862084348305932256e-03
-1.038971184607040237e-03
