-2.001031141351405744e-03
3.737962333770519091e-03
1.530117555900554864e-03
3.401657795039647603e-03
8.448157735966542459e-04
1.894093213334325371e-03
-3.567212843838051678e-03
-1.946350672644036293e-03
-2.700286740669442104e-03
-4.358691244770502085e-03
1.130785568742819804e-03
3.539632839006793749e-03
-3.270507233408401302e-03
2.633157956208441106e-03
-9.068548494609463689e-04
4.138043882026079881e-03
1.243415973028547811e-04
-3.357938508663691445e-03
-4.431917658315160692e-03
8.968704552146395531e-05
8.285755860472148945e-04
2.092477840006698453e-03
-2.079193527276464257e-03
-3.937843853547161668e-03
1.904028932741489398e-03
4.222302999823086128e-03
1.114094404334362368e-03
-3.560908740550368205e-03
3.291056779549739533e-03
-2.337660280827042261e-03
-4.879044957482307765e-03
-3.042045384036389660e-03
6.262255549005857694e-04
2.760154065408937721e-03
2.040468809680485995e-03
2.322878679853859415e-03
-1.483743803952567320e-03
-1.762593020778003249e-03
