-2.517581925073351760e-03
1.811426078006904417e-05
-4.987047322019543504e-03
4.964543031916991700e-03
-3.207316903895645818e-03
-4.771215469929443107e-03
-3.924314787038286900e-03
4.188809801335079824e-03
-2.050402861697906386e-03
3.314589083338688111e-03
-1.775080496222401771e-04
-1.801083035619585604e-04
-1.081834016648996685e-03
1.866293110412415093e-03
2.664159037195181975e-03
-2.960982625027846343e-03
-3.327858581869969253e-03
-2.457868410260166323e-04
4.735265009761239346e-03
-4.536296442583203151e-03
-3.145768385765127483e-03
-2.290865261431916482e-03
-2.425074234579950236e-03
-3.255177060537315769e-03
-3.079510997331632791e-03
-2.438275821527437388e-03
-2.825569785443626369e-03
4.479738661746959782e-03
1.649278044132842028e-03
-8.793658966374084257e-04
4.818259240191731171e-03
1.477064915657603714e-03
-3.633060425761478612e-03
3.697001316932973028e-03
1.919942627254572071e-03
-2.642408030430084837e-03
3.845141672452419973e-03
1.749270237325028371e-03
