4.308440321825738120e-03
-2.987588604027322306e-04
-5.959735784023161356e-04
-1.235951682828662426e-03
-3.380217674653318918e-03
4.901462748015525048e-03
-1.565347559942360627e-03
2.248930918681963514e-03
1.902545249474639141e-04
1.344858497522775573e-03
6.683000496149806707e-04
-1.383411359369745956e-03
-4.144978996769455720e-03
-2.607871050853583384e-03
-1.911042471011809799e-03
-7.019054964423907320e-04
-4.590765943045090926e-03
1.676512091936044509e-03
3.926528232385860864e-03
-4.975863818701458698e-03
3.622684012936370004e-04
3.318395939502777683e-03
4.751616048518347499e-03
-3.675464085471789183e-03
1.862192856886191704e-03
4.451655723216598262e-03
-4.496690729448275456e-03
-3.109659577176466204e-03
4.424077298114401438e-03
4.262734450596048982e-03
2.176740954087657762e-03
3.585139651709444431e-04
2.841809008749810600e-03
-2.067219454771391032e-03
-2.937375841007526522e-05
-2.072110027733620793e-03
-4.538728985606454644e-03
-1.912417860820953171e-03
