-4.888913202137116013e-03
1.781511807373893815e-03
3.562471881447228789e-03
4.728183336480520915e-03
4.781866316266154826e-03
1.023795401499383306e-04
-4.952725354367450150e-03
-2.200428958016582229e-03
-2.442287708445462033e-03
-2.027663279524334530e-03
-4.396154517266039237e-03
-1.194025382798006435e-03
2.972612787511576260e-04
-1.070411589959947493e-03
4.067234174872995725e-03
-3.340750217321066494e-03
-4.536987350991198917e-03
-1.817406965545778023e-03
4.538220822365164608e-03
-1.602653625695834444e-03
1.328232864521682044e-05
-2.104923108622649801e-03
2.612954884763706541e-03
3.285427485835894570e-04
-6.078948950436272036e-05
-2.200254597803526745e-03
1.464704184700779677e-03
3.288229114799281344e-03
1.569365523940966650e-03
2.878029502006301810e-03
-1.497234095816484152e-03
1.580118473041591289e-03
2.814115808935774982e-03
-4.075819772060540989e-03
-2.373190606877198516e-03
-2.712635655694349210e-04
1.931155007827334638e-03
-2.952469755240019495e-03
