-3.519232587642335576e-03
1.294712847429554427e-03
-1.262836092707878954e-03
-2.714872054150424714e-03
-1.763634384373811894e-03
-1.573644937185826251e-04
-1.575333169171001801e-03
7.239856381152220272e-05
-2.488298822196418486e-04
1.765397832741772387e-03
2.514587402290173815e-04
-5.799520997877187847e-04
3.114933514349564961e-03
2.064791110441126579e-03
1.708490927499187705e-03
-2.543860525065694701e-03
3.142108338345191501e-03
3.026796026024026684e-03
2.374002978427257673e-04
4.808734579740058315e-03
-3.921417544946262553e-03
-4.638219286924910763e-03
-5.432655473237447269e-04
3.507424356981047459e-03
7.016067186927758825e-04
2.676730632623846966e-03
-4.440455712235134855e-03
-8.350152556158702000e-04
3.458674403570172196e-03
4.235925067678234304e-04
-3.025503034710498498e-03
6.383073266910312821e-04
3.825115149098818820e-03
-3.233279629181020146e-03
-3.174388788660144779e-03
-2.846647923006003986e-03
-2.414768279028944777e-03
-4.625601946238339438e-03
