3.834803015211395855e-03
4.248058291718207619e-03
-3.792726972412961521e-03
-2.742315939600857566e-04
-2.364096186847721749e-03
-4.773902268751786457e-04
-1.766525374808544570e-03
3.031322331672994114e-03
-9.088765962142215243e-05
1.196212342883301930e-03
4.797944286715165665e-03
-3.891295040130146078e-03
-1.094082345312521326e-04
1.879745558683927620e-03
4.289272669730830045e-03
-2.056404888790106574e-03
4.579770839670304142e-03
3.166658502372269798e-03
1.429950537396925715e-03
-1.429765674390466590e-04
-3.966576305782874151e-03
4.996502078821966203e-04
-3.911974101829453210e-03
7.092477055016836382e-04
-1.584941224903481990e-03
2.209297387890431404e-03
3.205804019871355895e-03
4.005429593278413830e-03
-4.485919754290009463e-03
7.693445821516133043e-04
2.534747881081294250e-03
-2.915922257780151437e-03
4.260753024023736929e-03
1.480301957285743569e-03
7.332406307376249099e-04
-8.786066404551659895e-04
2.153912316990059216e-03
1.857861351069922846e-03
