3.469412828853223746e-03
-4.824493368035994052e-03
-1.344181205151024055e-03
4.330356587486764580e-03
-4.766079438238544734e-03
-8.420115361485874805e-04
2.125484226631219400e-03
-4.427194400705463349e-03
4.991215363107974479e-03
-4.015916762173592051e-03
-2.230814947368687639e-03
3.555775980454839447e-03
-4.367308585491745665e-03
7.757440462596403019e-04
-8.757218411752946616e-04
-2.185373568421298748e-03
-2.535176643384132525e-04
-7.896803155389865020e-04
-3.096290289540754893e-03
3.077048057076101420e-03
-2.307511500580504069e-03
-5.153397800715430258e-04
-4.078306783239809240e-03
4.032669574894275424e-03
-4.576325704680611617e-04
1.691947495293262202e-03
9.546951234561795036e-04
5.333658648004136263e-04
-2.119454280861200399e-03
-1.797202209148721259e-03
8.358238938519337372e-04
-3.667853138968717609e-03
1.752314062893324705e-03
-1.243107834846676404e-04
-1.490498936903444840e-03
-3.290991480662973021e-03
-2.511950550627799206e-05
1.233439291504472707e-03
