-2.604061614910863943e-03
-2.651816088634348974e-03
5.955405445050706778e-04
1.499748694464261671e-03
-2.073325014971625496e-05
2.898841200893441730e-03
1.003838151861276111e-03
1.954809718063914813e-03
3.561106164938746335e-03
2.145468833082088758e-03
-2.759575569176705122e-03
-1.808073682332975596e-03
2.016064213223410853e-03
3.008833318981560603e-03
1.077349339025091002e-04
4.497226396224207959e-03
-3.362122958915954828e-03
3.226293235033702439e-03
-4.075121815317397922e-03
-1.548757987395127031e-03
-4.473923771476395229e-03
2.921245354388984569e-03
-3.593800227232673509e-03
1.252418503165372149e-03
4.201762629121768081e-03
-3.975397569906976084e-03
-3.586402062280095830e-03
1.901408756590749517e-03
-3.680501030005420976e-05
-1.400894273867948469e-03
1.787691336029323397e-03
2.560904273542741541e-03
3.728548116809062354e-03
-2.321801984832674252e-03
1.247725040416558864e-03
7.441828798544197071e-04
-4.339057219260431322e-03
4.929495866390999625e-03
