4.728135717523803891e-03
4.182787702986190403e-03
3.403294266168910981e-03
5.051106371252323674e-04
-3.229219090284649301e-03
-4.863579681481977439e-03
1.601410914992476044e-03
-4.396195826848118063e-03
-3.098052252702201189e-03
-2.872507467390172410e-03
-1.054853406208283717e-03
-4.768963176600466217e-03
-4.402606864323021021e-04
-1.041883144178935676e-03
1.697320708491944358e-03
9.269719869877618770e-04
3.045412607371917463e-03
1.129067994629749314e-03
4.964387391238138034e-03
4.507880156094540638e-03
-4.179934120477968480e-03
-3.950626953781625345e-03
4.793296020370020616e-03
3.512653521875767557e-04
-2.714820067724567441e-03
-3.085696089381813334e-03
-2.190999333052164738e-04
-1.695104664343837549e-03
-2.746859409106277867e-03
-4.666570388163354850e-03
-5.921304271515959519e-04
-2.429614242041894853e-03
2.459951202548141605e-03
-8.832738021055724573e-04
-4.990515369236541571e-03
3.857563510154364550e-03
-1.904770944400788115e-03
-4.448670079576642206e-03
