-3.470563846643450519e-03
-1.287698052018695222e-05
4.768374071662247887e-03
4.409622537122862007e-03
-1.282865406544445464e-03
2.683329408067358472e-03
4.510109891640473254e-03
3.581007720995519131e-04
1.605238932145725342e-03
-3.301214169699637387e-03
8.913426700766311633e-04
-9.617037674720272863e-04
2.530816745106385414e-03
-4.818441238242453240e-03
4.328345250225497376e-03
4.302079313658700027e-04
1.211911747642409332e-03
8.792783169391830619e-04
1.631168268812453748e-04
-2.330773627692798305e-04
4.412386081205515315e-03
-4.956521893498973784e-03
-8.048929945849644940e-04
2.647999780794070730e-03
-4.873747878311744837e-03
-3.516048897957133046e-03
-3.141365470991568792e-03
1.484788679721981731e-03
-1.181204916296774501e-03
2.365262345988047160e-04
3.137236906351929117e-03
-2.465778164046669545e-03
-2.777279431800051997e-03
-4.791499850910718901e-03
5.149309589565420273e-04
-3.336394655972083415e-03
-8.531930342464454434e-04
-4.652694986143066265e-03
