2.912786766677622971e-03
2.145306824449833526e-03
4.661754615633799739e-03
4.145323479367333391e-03
-2.617677893163975616e-03
-4.026492155379785866e-03
-4.408400345392107095e-03
2.744199777143028866e-03
-3.948161023362766961e-03
2.463099961936564969e-03
3.169106452376503971e-03
2.411200091845487441e-03
-2.897347796830874057e-03
-8.208902777416182336e-04
-4.410223015294350429e-03
-1.530421350541512175e-03
3.431622644587715293e-03
-4.857470716414603873e-03
1.485799038145208667e-04
-2.930104550849816497e-04
2.547309540533324035e-03
1.353659866948884322e-03
4.096188764024649709e-03
4.163129428980116842e-03
7.947986411225337403e-04
-3.161124700884349655e-03
-7.642192445653237312e-04
3.682037148863137946e-03
6.789888731817570952e-04
1.218703357302754892e-03
8.905332864833437681e-04
8.019334154719930802e-04
-1.321296270839675355e-03
-2.533130809235405439e-03
1.187898673664355802e-03
-2.263524603473130239e-03
-3.151478170604005841e-03
-1.586582019772022571e-03
