-4.648539184345777502e-03
-2.808304030843419580e-03
-1.681912616189953913e-04
4.892167984400157960e-03
2.523032471424672442e-03
-3.857411392575599025e-03
1.555055399369632482e-03
-1.377105531365692762e-03
-3.913507594175072088e-03
-1.761107071914852149e-04
-8.031744128361838903e-04
-2.679992355394648137e-03
1.871229526376756713e-03
-4.043903559404683767e-03
-1.630158921938693398e-03
6.359927285826032575e-04
1.656502776611020085e-03
4.974125962631329931e-03
1.933836975739358643e-03
2.734396805216047534e-03
2.115066998979397116e-03
-1.832816284860677714e-03
-1.793499965452613736e-03
4.399122302428268294e-03
3.377865597406107950e-03
9.639852551896511967e-04
-4.088023192388779044e-03
1.045275313038081591e-03
-4.017791799686558016e-03
-4.190494335190779983e-03
2.419333382966702695e-03
5.327066491930421838e-04
-9.828568468332752120e-04
3.851026506816733128e-03
1.273516618098003914e-03
3.197368344210079621e-03
1.106189589187960183e-03
-3.222928905158127608e-03
