4.410202121456551633e-03
1.510948823699321229e-03
1.732875315738542990e-03
-5.049829411795979731e-04
9.013957263207519541e-04
3.926484974805391839e-04
1.686786232906506595e-03
1.673838330098929503e-03
4.773552451580476488e-03
9.134048455389448887e-04
2.584288531006208312e-03
1.755707882232435124e-04
-1.831981063203805792e-03
4.703544669893167454e-03
-3.996162353592748982e-03
1.423357409598705742e-03
1.681939129425982435e-03
7.530736089855459559e-04
8.961999519730501698e-04
-2.471968499734282770e-03
-3.572347815485188514e-03
1.103625896174071155e-03
4.525248683759416218e-03
4.528967539560529998e-03
-2.690254183004727254e-03
-2.322734571388158486e-03
-1.993036109896401554e-03
2.157269470579487557e-03
-2.491648665015853970e-03
1.097606747958797431e-03
-2.978533557621176886e-03
1.417111969365883982e-03
2.201953042544019939e-03
-1.062135105969023996e-03
8.652880408786282548e-04
2.036642353453956174e-03
-2.672383786789215340e-03
-4.130532653993528730e-03
