3.561786482283897659e-03
-4.919293558439135142e-03
4.135356342919642089e-03
-4.472191086325722972e-03
2.413222068190282871e-03
3.035781417937886972e-03
9.640858352671487913e-05
3.557833434828287789e-03
1.207175543494349787e-03
3.777501559483257415e-03
-3.133677463648544548e-03
-4.184747782035239463e-03
-3.677085352832286033e-03
2.748243346907727411e-03
-3.579021625677109020e-03
3.510198555720447922e-05
-4.647821768083303454e-03
-3.967804888005773203e-03
1.781889554178971852e-03
-3.196438668922590293e-04
-2.949321538284323772e-03
-3.437245063179889502e-03
3.720394201528171019e-03
4.968237592840624162e-03
-3.805023347185423899e-04
4.829406402070527543e-03
1.597833955850069994e-03
-2.050798309887360941e-03
5.883720579683239180e-04
4.793383742766232219e-03
-4.281398704213778932e-03
1.017696028999555587e-03
1.886577450979303773e-03
-2.771468339938454144e-03
-9.900519987029428662e-04
-4.862682418522680169e-03
2.359108937386426678e-03
2.706070150476713211e-03
