3.137243513011034324e-03
-1.897636309644709467e-03
-8.011190160147133033e-04
-4.429868530095917682e-03
2.642688727969150914e-03
1.218651955931796677e-03
6.766769913492485383e-04
-2.567312904867252287e-03
-4.530426351654998247e-03
-4.865944570790150039e-03
-2.389800068193156934e-04
1.434125223403593871e-03
9.400855996276446386e-04
-1.605837206815425178e-03
-2.196883238690124692e-03
8.109426384153156642e-04
-2.143833194626470692e-03
-1.608984244995502553e-03
6.721943639367324030e-04
-3.449917248625408717e-04
-1.431273799213064052e-03
-3.882257389286590879e-03
-1.942252421960446399e-03
-9.843071588878970005e-04
-1.917376812762386622e-03
4.052917115363525655e-03
-3.518277783204924736e-03
2.759073927937038748e-03
-1.788865389364058950e-03
3.655169476324401576e-04
-4.065223187866276108e-04
-1.201039005985557202e-03
3.865731316241811238e-03
-4.761551714590105122e-03
4.967266521545785421e-03
-3.067796445620966581e-03
-1.412379312359712379e-03
-9.700484341733572533e-04
