-2.429820862086471290e-03
-1.013616737925106606e-03
-2.275155485578651132e-04
4.019429483064074562e-03
-1.559493437241557534e-04
2.067040295589058461e-03
-7.558687708330465160e-04
-4.888661340614760230e-03
4.627164785121750182e-03
-3.235520039082795569e-03
-4.735532896545580593e-03
-3.081293411886626508e-03
-4.978822600923810647e-03
-1.653667237012527384e-03
-3.120063473856915254e-03
-2.659405030078780714e-03
-2.087737135946311166e-03
-1.171284243678850836e-03
-3.505500732668643139e-03
1.708700067632434004e-03
3.376107358466320582e-03
3.553195574286609898e-03
-1.247086645403819478e-03
-2.875316559772852359e-04
4.072915753257112803e-04
4.280497279012814016e-03
-4.915075473605106174e-04
-3.648743334335528745e-03
4.147511907528452987e-03
1.941731682260359679e-03
3.726416913375352538e-03
3.952258275889228289e-03
-1.047134614153829267e-03
3.069331065560674740e-03
-4.654535484373659680e-03
-2.929748051617809667e-03
4.175725561097952745e-03
-6.301060911413367341e-04
