-4.489871441071250149e-03
3.492344952185947801e-04
6.033383743591002810e-04
1.739136896974130021e-03
2.001611904550531194e-03
4.145536718501706061e-03
-1.446558613269871649e-03
9.219631794102683617e-04
1.105595367307661732e-03
4.656448524140342771e-03
-4.972452021762179333e-03
2.448877507466896974e-05
-8.357704802519488885e-04
4.956607357153690330e-04
5.247450481205596928e-04
4.802384458810425236e-03
-1.007826306944833127e-03
2.983088703271121953e-04
-4.301647858134964586e-03
4.201017476819869645e-03
-3.344103002742513427e-03
-1.375060786956072353e-03
-2.743592188380911557e-03
-2.638754089943524516e-03
4.946770565215979562e-04
-4.235844402561068575e-03
3.751527385364132258e-03
-1.592538634538741976e-04
-4.124050947352710800e-04
-2.578859669211581301e-03
3.451928427019353846e-04
-2.975039706834649474e-03
4.923062870434546240e-05
3.039496471507517963e-04
-3.540323973489326211e-03
-1.129847897516296322e-03
1.177866281589674824e-03
-2.141051574130805983e-03
