-4.915538021324310052e-03
3.835984922047674939e-03
2.488523014550038555e-03
1.972366383887582016e-03
-1.093093032130183773e-03
-4.749629164897638083e-03
4.847155333165214727e-03
3.694418829034146548e-03
4.540673137633897613e-03
2.440890696737399793e-03
3.700960755738025645e-03
-3.676211748443033653e-04
1.738090768421731054e-03
1.529574715956917574e-03
-5.378086431122204580e-04
-7.978781705235936383e-04
4.490192148152731891e-03
-2.686997461886108784e-03
-3.937010415636029402e-03
-4.494883694721148529e-04
-2.650036083068974587e-03
2.627368298017108972e-03
-3.215994174407919327e-03
-3.296814899444012667e-03
-2.879889478312434858e-04
2.956817755708739115e-03
-2.628552333499986019e-03
2.088998270584876450e-03
-7.121638609838215964e-04
-3.708615944823975309e-03
-4.141712142695167832e-03
-1.828400033169813241e-03
-5.651361008631042640e-04
4.339298758489285382e-04
3.224766858179722168e-03
-4.311375886588528390e-03
-2.741968026396018193e-03
4.336615649212153048e-03
