7.788666277712998076e-04
-4.719176482153513569e-03
2.723660387779987084e-03
2.263012006055416594e-04
-8.168494886356377285e-04
-5.643142978065040713e-04
4.896020704560801254e-03
-3.751131362076526310e-05
-5.833895918639243200e-04
-4.993786882982386918e-04
-4.294963594472840478e-03
-4.736404305579543922e-03
-3.835698161498764247e-03
-1.507350462711084041e-04
3.550305543253178681e-03
4.836249562102237082e-03
-3.968700483805799595e-03
3.250705917387805913e-04
2.191949839828611496e-03
2.535960575413380436e-04
4.873263733768640540e-03
-1.697114669649161210e-03
9.720173068472068648e-04
4.737668413102717399e-03
-1.632217911755570391e-03
4.766670934551475031e-03
2.847088212989920195e-03
-4.648140283141418555e-03
-2.442834786469893615e-03
1.146201755830744684e-03
-1.724673520787234869e-03
1.175119622975216195e-03
4.572686455550704215e-03
1.516679291084222642e-03
-4.760691743600996804e-03
-2.382710939484930946e-03
3.602984129769976063e-03
3.641761641494829782e-03
