-2.546405766988226252e-03
3.082860643162885564e-03
-1.060887365765292994e-03
-1.406743759963803922e-03
-1.876618692972674071e-04
-1.908891189662179425e-03
2.034520674427846634e-04
3.363152475432534816e-03
8.388321576056727291e-05
5.359408200202725459e-06
1.676737740272560458e-03
-4.041374979711886625e-03
-2.232049478187478602e-03
-8.871154893408715950e-04
-3.296853873145741236e-03
-2.592234758884238554e-03
-4.896403332078634249e-03
-2.500582615536383474e-03
-1.440494071324560470e-03
-1.342104645831123169e-03
8.712527564863452312e-04
-2.179103347385740776e-03
1.797449908827521495e-03
-4.478930586160763047e-03
3.291251065438321674e-03
3.487870348825012831e-03
1.074507262513987697e-03
2.136887416228317078e-03
-2.269559072477497514e-03
3.655319057207144159e-03
4.456892939766686837e-03
-3.853406670138471816e-03
-4.102118328471439368e-03
4.705077816724989939e-03
3.954510262291580439e-03
-3.657705081194940339e-03
-4.431905589047088756e-03
1.194717398915986703e-03
