-4.008113597438535056e-03
-3.634124158152178714e-03
3.803361959940456880e-03
-3.224007204348756754e-03
-3.791335518032578483e-04
-2.776447265218230220e-03
-1.527315340586532077e-03
2.835774004633091760e-03
-5.886532375702895753e-05
1.009038628914793803e-03
1.061985310926302599e-03
-2.103100742238064088e-03
2.312301522949911786e-03
4.406553284142094087e-03
2.318220036792077374e-03
-3.885455222121212814e-03
2.846730786671461053e-03
-3.602959694031680413e-03
1.962872320626626865e-03
-4.893537471969852844e-03
-2.773473524808840740e-03
6.945724915978727237e-04
4.341824934825759541e-04
-1.204071390850662299e-03
-2.539177320546898587e-03
-4.304380224725849920e-03
3.608677507507145055e-03
-2.333554078041635924e-03
-4.891013919121077469e-03
-2.049333325160867820e-03
-2.781803950681187645e-03
3.721802182567929274e-03
-2.015787473577974800e-03
-8.389869957916348125e-05
4.847504032545567679e-03
4.811823932549310137e-03
-9.374745850639710013e-04
1.695832476815086962e-03
