-3.131684690174975361e-03
-9.434954654936825863e-04
3.764218672662767232e-03
4.697961880927381886e-03
-4.709518869672241551e-03
4.007666322617562879e-03
1.204929449443725709e-03
-5.638222139128529903e-05
2.745676850946610764e-03
1.450163256860952619e-03
-4.313016369717557162e-03
-4.823702164368186621e-03
4.339412266222314116e-03
4.851211608102257156e-03
1.866008230018779794e-03
1.698307199407556034e-05
6.978929396129112186e-04
6.359165257464466370e-04
2.980380586814546096e-03
1.153450422317066175e-03
-2.599943996082109982e-03
-3.278464679241721927e-03
-2.467993402669673569e-03
-2.105618801168598116e-03
1.127022942627465760e-03
3.284222342660507443e-03
-4.871744638029851943e-03
2.640011875417363867e-03
2.281965201439462715e-03
4.509950463375350660e-03
-3.973162328747108230e-04
-2.173181686317162981e-03
2.251947724627895685e-03
3.345267064571468690e-03
-3.933273147455696242e-03
-4.758222384085586572e-03
9.696287683863694454e-04
-4.512528234902558368e-03
