-1.613284284142446970e-04
4.635199073969543601e-04
4.781811609652015030e-03
-4.110170545201524347e-03
3.132813309435078172e-03
-3.723963521790063687e-03
-7.877885638545370495e-05
4.489697121714958383e-03
-4.928496027352932511e-03
-4.939325061656825097e-03
4.179872117452996388e-03
-1.462424780400428670e-05
3.856244830805233628e-03
1.250653046066078043e-03
3.947492995554585313e-03
6.623885857271081742e-04
-1.904452813336381372e-03
1.574427527535567951e-03
3.573922998961868297e-03
3.286503073566197919e-03
-1.378048976988983845e-03
-3.402621907088938021e-03
-2.877730176220779507e-03
3.876076679831478439e-04
-4.790735001421186912e-03
-3.388153516392043360e-03
4.643969832144972248e-03
2.564119059261769223e-03
2.348654542584743127e-03
-4.631814117271827388e-03
3.503584506163405152e-03
-1.276135712309184149e-03
-3.548749919923007909e-03
-4.212710407768705673e-03
-4.628057780141493598e-03
-3.799893737882268675e-03
1.092217643688159559e-03
3.379473285462335219e-03
