-4.180603870901503441e-04
-3.588751658344142056e-03
3.805914755031234234e-04
3.625798230652548665e-04
3.073430682034071840e-03
-4.274332548644963273e-04
-2.107816570722553622e-03
6.891328880544332278e-04
-4.825348834980400931e-05
-2.371971367635470306e-03
2.345879335039113139e-03
-3.510686048681518727e-03
-2.654931061861530786e-04
5.452985001905032159e-04
2.028610540884921189e-03
4.201301970003590638e-03
3.790487923847419074e-04
4.684517665390510940e-03
3.546894415154112565e-03
2.473273629878258717e-04
-4.481500523322844501e-03
1.166337018335157974e-03
1.134753817376829045e-03
-3.388042926394324930e-04
-1.417540749114225632e-03
-4.947214598390070259e-03
2.361638752244339841e-03
4.324080832204601349e-03
-2.721385737764064894e-04
4.944269002562267507e-03
-2.181414464749471989e-03
-2.813247426861560478e-03
1.521435066651505297e-03
-4.618310593979633311e-03
3.899050801911246866e-03
1.519378430812956537e-03
4.777631948287985528e-03
3.503329096801840320e-03
