-4.425203921192973414e-03
3.207594520763116033e-04
-1.114942876655254742e-03
-2.696813233625146734e-03
-2.098092851668912229e-03
-2.447999874998919422e-03
-2.307974469309232932e-04
4.518884602419436305e-03
1.386693887830651485e-03
-4.108388505477726660e-03
3.852196392485620832e-03
8.609586366287195688e-04
-3.021284851665909186e-03
-2.484950401824794017e-03
-1.967120579351550828e-03
-3.687469613384397604e-03
-3.900294717720624582e-04
1.891468245470549585e-03
5.984001435312500533e-04
-8.182675974822044632e-04
1.013868758140250466e-03
2.138041517855038612e-03
2.480683156364673833e-03
4.636530712252624753e-03
-4.228337008713460056e-03
1.929510684713336977e-03
-4.598745070231552781e-03
-4.200350905722884977e-03
3.513151540568359987e-03
-2.421661269113859535e-03
-7.057267694232536789e-04
4.777279885615120028e-04
-2.252557299758680201e-03
6.969832700936262615e-04
4.364031418274069013e-03
6.526830160758466393e-05
-4.946630864740143678e-03
4.666493382466749967e-04
