1.572855201764419147e-04
1.733726784462211873e-03
8.169498130895175639e-04
-3.856650016252854626e-03
1.901685053717091720e-03
-2.032037170746440417e-03
-2.276779672535122253e-03
4.038383502220481772e-03
2.389014949029051593e-03
-3.854320314719358268e-03
-1.756977585232438743e-03
-2.642787714931326554e-03
-3.448687184359375615e-03
2.388703192728089397e-03
-4.059692151380448269e-03
4.150261030253095743e-03
-2.086965545978845121e-04
-7.744889388034579755e-04
1.057184228354446538e-03
3.721974534288208583e-03
-3.192567852863476344e-03
-3.078609998882205628e-03
-2.671815013864330818e-03
-3.976415268545037407e-03
1.578252839357217018e-03
1.416994690431567366e-03
2.834718161686634527e-04
1.365195023584086544e-03
1.270887036520559205e-03
-3.852759201885622674e-03
-7.378018205024738582e-04
1.755873911513394954e-03
-4.806836435416244821e-04
4.002176704254829451e-03
2.268678360785015245e-03
-3.007006446178185979e-03
1.128133002122134847e-03
-2.379675154852321436e-03
