-4.073337887602187721e-03
3.505160568113264985e-03
-3.374990671502156418e-03
-4.522749208235737201e-03
3.944941350337106967e-03
-3.011821349271125506e-04
-4.090229557276691720e-03
-6.140451665246219118e-04
2.187613282088305550e-03
-4.290001603254805368e-03
-3.863395789364420119e-03
5.912853339808286576e-04
1.827282026820847144e-03
4.089153651814366255e-03
1.595565621938824404e-03
4.105099334488233193e-03
-7.553579305100326449e-04
5.938965996582388704e-04
7.291643414220018091e-04
2.488963932778560408e-03
-8.614388673345695774e-05
-9.859381313323594895e-04
1.379526686757819726e-03
1.880859480896882562e-03
2.381232614225596220e-03
4.588488368410735888e-03
2.806908872650146040e-03
3.173679941062598070e-03
4.117429180787890441e-03
4.538478829209723758e-03
1.553418870815602773e-03
3.551280554179272325e-03
-3.918539874392654165e-03
4.713774491243846385e-04
5.456240436139793773e-04
-1.122082242359736387e-03
-1.728638731484229314e-03
-2.886994827818863737e-03
