-2.100294137894832217e-03
-2.252151025428816150e-03
-3.650363717465997422e-03
1.548550050988507787e-03
-2.937500445966889726e-03
-2.081320010871399485e-03
9.808858440725244654e-04
-4.672762634177849567e-03
-2.249423276343522245e-03
1.261469137308833012e-03
3.424586103124991482e-03
4.237836393737783730e-03
-1.438169262897348848e-03
3.898062183720815352e-03
1.213306902591180549e-03
1.256152987872116537e-03
-3.652109237828205218e-03
1.031757729856516703e-03
2.522188610036366768e-04
-4.480945461641651188e-03
2.143557439943266640e-03
-4.190546723244438151e-03
-4.060003455973982059e-03
8.786076270592326626e-04
1.384746544101901622e-03
4.931603232876070539e-04
2.944509363488475098e-03
-1.108586029082850657e-04
4.236253910134980122e-04
-1.950336358317773452e-03
-1.765723081914815501e-03
-3.942239361839679039e-03
-1.879453530580131593e-03
-2.669273731943343827e-03
-1.793772792764281206e-03
-4.641147759642649112e-05
-7.920362662446594343e-04
-3.644916687279014730e-03
