-3.721823186876431835e-03
-2.117849577239535892e-03
2.686831075008794950e-03
3.003795971764457173e-03
2.548311530993423862e-03
-8.046224833656735048e-05
4.564164642101131708e-03
-4.969800203784112760e-03
5.484884539216873175e-04
3.459285521821287013e-03
-4.351892460389937545e-03
-2.711892917848610952e-03
-4.707767072810932485e-03
9.035958058981078886e-04
-7.916693506710955133e-04
3.248052444476247011e-03
-2.677836199629556654e-03
8.589512863339220095e-04
2.812533477877675672e-03
3.518631563009399013e-03
1.885017816356942232e-03
4.374986317868560445e-03
1.138967488807001230e-04
2.815628407077599635e-03
-2.014220478858789586e-03
3.634070269883635934e-03
3.567642648470172734e-03
-2.406171914831659129e-03
-2.098225125770794824e-03
1.857659452186774356e-03
-3.271953727850406436e-03
1.545741248125993492e-03
-2.173315941348618295e-03
-2.629008949831647748e-04
2.363796926106821912e-03
-1.772153567389939122e-05
-4.499828136149576843e-03
-3.784456525494288986e-03
