-1.903414689611950417e-03
-4.423334045629263508e-03
-3.458376105823333588e-03
1.613138171284722588e-03
-1.395975184258992433e-03
1.667978822343357120e-03
3.710747541133473451e-03
-2.115538444216869592e-03
3.001640321849711676e-03
7.185663982489133572e-05
-2.332692254607934054e-03
4.674182997147231788e-03
-4.062508016618934792e-03
-5.803743944707137267e-04
-1.943907469818689088e-03
1.540912786971407496e-03
-4.963941118119364476e-03
2.616270718884458439e-03
-3.292641837374664197e-03
-3.600996203014466754e-03
-2.415574245885629759e-04
2.543072423295588205e-03
-1.444857847405757022e-03
3.431827774471936376e-03
4.333665854756292221e-03
3.130705666925954686e-03
-1.064963866852931818e-03
1.677292672989503901e-03
4.684218856259374578e-03
-2.911373736832731634e-03
4.781844267688814196e-03
4.452249440992867360e-03
2.743722465886419375e-03
-3.183863067738062005e-03
3.392382182626501805e-03
-3.590946960548405814e-03
-1.503756765923111582e-05
-9.437939052039925544e-04
