8.465025234526300443e-04
4.349771327836357560e-03
-2.407269200236984187e-03
4.230634819323449841e-03
-2.993419116399023867e-03
1.251758807649078209e-03
4.656202901170400366e-03
-4.230656883835521437e-03
-8.773757154599973532e-04
3.521415730195903704e-03
-1.523056537308515018e-03
3.646793161568582034e-04
-4.663108576616636393e-03
2.586513508065833682e-03
-4.651761960467757327e-03
4.670110647102890256e-04
-4.376097499504573787e-03
3.905648735979688063e-03
-2.183497336461321867e-03
5.624003311162292795e-04
2.522728071833743937e-03
-4.263909163699250091e-03
2.344088013096273446e-03
1.950022609298319304e-03
-1.549865086226542062e-03
-4.688490715329201274e-03
2.152876427744173163e-03
-4.198917312290992472e-03
-4.127765923195236657e-03
1.600315756981888354e-03
2.580439947768998175e-03
-3.913096214019523914e-03
-4.925233075233233053e-03
-2.938322894133982722e-03
-3.139048855404818778e-03
-3.075191477981074981e-03
-1.017332118457997883e-03
-3.822342803094007369e-03
