3.091504283978790263e-03
-5.680814939360906077e-04
2.262578214922510676e-03
7.802384206192190808e-04
-1.266834399529559278e-03
1.627609043755237628e-06
-3.133669542786198317e-03
4.386326756772822646e-03
-2.971949834281879029e-03
-1.080479130788217570e-04
2.052277928870950563e-04
2.543847371718740979e-03
-3.561600199720413654e-03
2.046115413252904379e-03
3.386211947562136476e-04
-3.903247715628486037e-03
-1.045505758194669767e-03
-2.192685876297991408e-03
-7.851270837935147087e-04
3.017790236253684380e-03
-2.841015150177958297e-03
-2.340172246922712918e-03
-2.422842341459510978e-03
4.617725391220109735e-03
1.640622686558228238e-04
-4.541130665115263206e-03
-2.865729403998827033e-03
8.695562285572768987e-04
8.275335926331605155e-04
1.373339503446813215e-03
-1.446156003153988012e-04
4.091997924554243923e-03
-3.425196544045317620e-04
-3.062485099991235984e-03
1.658302549000947521e-03
-3.041605443779627372e-03
-3.312914918419492503e-03
3.848786624786515800e-03
