-5.051916359480809748e-04
2.463628349436200286e-03
2.235731231135773198e-03
1.816648276605757097e-03
-2.666085349696951413e-03
1.849030418664691228e-03
3.470398920543011148e-03
4.283614711765316649e-03
3.897510191651708256e-03
-1.062318040343728821e-03
-2.988895765863855501e-03
3.281667754198644774e-03
-1.914171924773652722e-03
-1.286030175079402437e-03
1.181545218767470276e-03
-3.190498634144428754e-03
1.116138515343160532e-03
-4.765482874030311372e-03
1.574946170056683824e-03
3.652300179115110582e-04
-1.775367022127530628e-03
2.925330864318152063e-03
3.149259755821878781e-03
-2.862374449204943203e-03
5.587070958725280992e-04
3.530726365727099303e-03
-1.846712529771077187e-03
5.930384547069471671e-04
-1.292893280378801593e-03
-2.496020633282795397e-03
2.720430337265936777e-03
-9.910811381719846977e-04
-2.633256337703410426e-03
4.625040605695842841e-03
-4.079604500107450807e-03
-3.454976335445822822e-03
2.219511516354993885e-03
3.419645329594519015e-03
