-3.302699702919565956e-03
-3.687241769231219476e-04
-1.091809378623231734e-03
4.509555485351021686e-03
-3.801885817716788019e-03
-2.281357864331795288e-03
1.304619089367098708e-04
-4.323911083039385858e-04
-2.501791031758841821e-03
4.820649472807268798e-04
-1.014951777317864637e-03
-1.736516841642290598e-03
-9.734435030145874995e-04
3.350540868517489640e-03
-2.833028401705815769e-04
-3.745949414981776093e-03
4.410529188731988209e-03
-1.130641359805753272e-03
-1.718725522532066168e-03
1.433754298319476518e-03
3.808534134668464452e-03
2.794681026399607575e-03
3.617464797571058599e-03
4.788827333250238877e-03
4.532958876533014700e-03
-2.713670579312840812e-03
-1.899583089115900684e-03
2.004261564425092838e-03
1.390268199129972120e-03
3.438165654619769820e-03
-4.523090467087571322e-03
6.000967583594278218e-04
3.643777488034911916e-03
-4.731736174672346307e-03
-5.747829162945682427e-04
-4.097921205162924005e-03
3.585767735205318621e-03
3.175256139777747968e-03
