-1.378685454481670767e-03
2.615640201294846048e-04
-4.029747345442094390e-03
4.717924675812017535e-03
3.407440237321290519e-03
2.525934672822508290e-03
-2.554594381313275535e-03
-2.995328484616519450e-03
-4.612956021812220087e-03
4.468051451565814916e-03
1.927581251290376788e-04
-3.758293849162172660e-03
-4.545369970827823139e-03
2.280175434632446957e-03
4.766326478657441357e-03
2.472122981073252360e-03
3.754144621870255868e-03
2.150867887629704864e-04
1.261814971272438336e-03
5.398448101970789587e-04
9.123216576610963802e-04
3.182002274528377209e-03
-4.916810195771185478e-03
1.866073580268771612e-03
-3.792797616103950505e-03
-3.799821973131659557e-03
-9.241753902842564719e-04
2.536256769909140535e-03
-4.250603265659120937e-03
-8.700617337523142147e-05
-1.530150435298977072e-03
-2.787003704264736075e-03
-1.664298414154747208e-03
-1.311750163718295847e-03
1.629279737131362864e-03
1.259386012007627023e-04
-4.093190653199085989e-03
2.098129635972106367e-03
