-2.849896378131974717e-04
-6.859835168036530761e-04
-1.159959056473396175e-03
1.361880373619414261e-04
4.003148863808238256e-03
-4.783571032296049866e-03
3.064821322579035223e-03
-1.056954830323117260e-03
1.087692624446517410e-03
-2.899401546972337450e-03
4.925360037104978966e-03
-3.574113704293660140e-03
-5.392700940847622304e-05
2.196585243035091214e-03
-3.806131222801007168e-03
-3.716531857336554095e-03
2.987711355262509180e-03
-4.972707421892682937e-03
-2.169707794804603095e-03
-2.163212086158877636e-03
-1.460740789999666681e-04
-7.005712927866461492e-04
-4.999593989438277930e-03
-3.044093513852500800e-03
1.066289511526203118e-03
-4.085344934462031494e-03
2.676510199320791643e-03
-3.966403172153559059e-03
-1.734853033290128209e-03
-4.124640194631477332e-03
-2.742956961061116059e-03
2.842925223956578595e-03
1.028612403843386612e-03
3.090893405946950473e-03
-8.411680712356022632e-04
-1.756338595709772826e-03
1.024154758945699031e-03
-4.322158778024298188e-03
