-4.938997056224389386e-03
-4.463683820306357103e-03
2.810353038033759111e-03
-1.203954353556236940e-03
1.943063866334832079e-03
-1.468469589570664882e-03
-3.378855133465569378e-03
-1.747647335864239374e-03
1.267405338032405113e-03
3.532502710904640575e-03
2.918367498397659784e-03
2.151553240193109819e-03
3.795369079692577016e-03
-4.957664786514467785e-03
1.793688575760988245e-03
3.717254268783058008e-03
-2.940102247052813530e-03
-4.710696622301864880e-03
-1.410401801786239761e-03
-1.090529478113258857e-03
-8.921652127276483157e-04
-6.421027649086107070e-04
9.089345369268277824e-04
-4.119211456280256860e-03
-1.374242766002079820e-03
-4.886508021198125197e-03
-8.056955029310339939e-04
-1.478358324974651718e-03
4.577557164278741111e-03
3.388091417962518087e-03
-4.988069278914973939e-03
-5.280857145704880365e-04
-2.417804207301876580e-03
4.030441434904613249e-03
4.870196049467905713e-03
3.268064737360285021e-06
2.046373182239306747e-03
2.549465334874479600e-03
