-1.118286990841761523e-03
-4.685037276134824610e-03
4.734831434406462300e-03
2.865797804880700073e-03
3.110615355942005639e-03
3.134438411830284960e-03
-2.385293778144447884e-03
6.673856612042453756e-04
-3.326767848018408105e-03
-1.108899043191795622e-03
5.979279079850671752e-04
-2.879000230904329993e-04
-2.062079781635005066e-03
-4.460690520126263034e-04
-1.063835663261575824e-03
2.156654570167714294e-03
-3.787144864152138836e-03
-7.006650759499881073e-04
-1.607848560784538427e-03
-7.369067968906860971e-04
4.064005720398784771e-03
3.718304716769380361e-04
-4.699179323283583440e-03
2.665111349799835321e-03
3.021354183028021959e-03
-1.492649288404044542e-03
1.501150340212708406e-03
-3.145221309763690954e-03
-4.123108715349762393e-03
-5.176176401884714090e-04
-3.584834773825091095e-03
1.881949941709647710e-03
-4.093373662577066974e-03
3.985285589031191747e-03
4.382903012231929504e-03
-3.526401985013415206e-03
4.345988275495878128e-03
-4.020192390233893499e-03
