-6.901779828335594807e-04
1.585261653184644529e-03
4.021819485789690854e-03
-4.715814932942994156e-03
2.450923751668087833e-03
4.934162430718100692e-04
3.381211876768777658e-04
-4.263893471460962654e-03
-1.396678049238194840e-03
4.832793488636180287e-03
-4.081683938057629850e-03
2.684738439293213666e-04
3.726770924034016746e-03
1.248212911378224904e-03
4.241401278732504637e-03
-1.249189833245854635e-03
-1.633972257201179654e-03
-1.582903459751251914e-03
-7.044700973094474017e-05
3.235483098131918325e-03
-5.440616257216786614e-04
4.767051295381675297e-03
-8.970407783112652536e-04
2.042661389618343967e-03
2.114198196135654885e-03
-2.514527011929975145e-03
-3.648473816165523353e-03
-6.062388190623026196e-04
3.648198120400271416e-03
3.595618466536883856e-03
-4.446255179925027654e-03
-4.739044799374878339e-03
-4.270905090736049937e-03
1.833033171818198095e-03
2.701088358226309653e-03
-7.273796280472732620e-04
-2.942043073491888878e-03
-2.444128718071886079e-03
