3.593753449968234426e-03
1.980080864682387705e-03
1.106828192914748217e-03
2.192832657389821860e-03
-8.478126387853612833e-05
-4.316848270843083937e-03
4.623470096009317867e-03
3.812389091876807606e-04
-4.676879153593401992e-03
-2.935667362723705549e-03
-4.562665396886403553e-03
-1.410032299321161905e-03
-4.958980572405249053e-03
-2.125018620365135349e-03
2.916346707341838096e-03
-3.786773260962739487e-03
-1.575591822917683099e-04
-1.797178234059665716e-03
4.888166781535909985e-04
-3.984020652968184306e-03
-3.092180604814904685e-03
-2.875664061693108085e-03
3.559214464021947383e-03
-4.803965048513816546e-03
9.989367019563105340e-04
-4.743361109216981571e-03
-3.733931790157081487e-03
3.932662062388139756e-03
4.383949766008964424e-04
4.141822360536295128e-03
-1.467333290491930776e-03
6.906576425425615950e-04
-2.559230470648473765e-03
-1.146440373684943538e-03
8.398766359181998598e-04
-4.780759548382790443e-03
1.841733902770868389e-04
-3.388916888765953692e-03
