-8.783292028864434983e-04
3.481120445315438044e-03
-2.031196724631680918e-03
-3.609446808325486936e-03
-4.738115079627385623e-03
-2.223079724344409307e-03
4.009497966548971823e-03
-4.521323239251361613e-03
-3.582797806062863136e-03
-4.131015426740062592e-03
2.867160309874255270e-03
2.804399316196797866e-03
-2.462967144964776228e-03
4.623859475377729497e-03
-3.000642712061037717e-03
-4.987621174333192221e-03
3.570376267437714440e-03
1.449617814107315682e-03
1.021219989308147849e-03
1.359773095870696683e-03
-3.445432521234464453e-03
-2.857981064182262693e-03
-4.467186431793591928e-03
-1.837372397964576534e-04
-4.188276011707001145e-05
5.980660919590562175e-04
-2.650814963382429855e-03
2.358255789763808244e-03
-8.168475497509165503e-04
-2.639757221297638155e-03
2.226513255969174085e-03
3.854971832669898749e-03
2.367408630468297893e-03
-4.306984575626905329e-03
2.424547289530419591e-03
-1.493704737189584329e-03
3.492883198491962896e-03
-3.508858713126140720e-03
