-2.933513755000598071e-03
-4.031065260504755263e-03
1.703329372622059898e-03
-8.248576655576610878e-04
-3.197078390796927270e-03
-1.281217292733250260e-04
-4.317330187745877304e-03
4.891251417970378032e-03
-4.454410136381276725e-03
-1.268108106405640804e-03
1.350464115124488072e-03
-2.375281464867411412e-03
-4.639743464317243500e-03
1.167058805871981457e-03
3.819950034755881241e-03
3.161314569723057064e-03
-3.517420410181960715e-03
-2.064937083588178676e-03
4.167325172683467721e-03
-1.370458346011079343e-03
-6.662888345563468956e-04
2.320343986120633820e-04
2.174259328286907642e-03
4.857970458966579669e-03
4.472945525852110860e-04
1.314530224265459020e-03
-1.450011789417534128e-03
3.904947028319984137e-03
-1.104510164991821374e-03
2.090099015285590278e-03
3.767711730232431791e-03
-3.716835335343946986e-03
-1.807694303645281109e-03
2.031892257598790809e-03
-2.052491190818959629e-03
4.648400952223940771e-03
2.811049943715848883e-03
-1.134325065124926549e-04
