1.564036942541440281e-03
-2.890153032852887417e-03
-1.667332322289716718e-03
-4.520320560064709434e-04
3.809278576784634954e-03
3.056838437347726700e-03
1.720933117592961421e-03
3.222444458201783463e-03
-3.614587986117472236e-03
4.221736873352175540e-03
4.417563630561871166e-03
-4.969449783685785452e-03
2.225177118823005312e-03
5.655529745224501317e-04
3.413257485979148687e-03
3.474314665561152246e-03
-2.034345227015317472e-03
-1.076144995183433289e-03
-6.183144768285974563e-04
-8.912049854688502276e-05
3.458803454481958889e-04
-2.568225451459024179e-03
-1.999319111403142189e-03
2.089845622727871770e-03
3.880751155923454696e-03
-4.362317793195816425e-03
-4.731158395277783660e-03
2.114369476223592302e-03
4.080157331011453545e-03
3.160404821258726293e-03
-3.356834271437984449e-03
8.449582411586796515e-05
-2.731543400597561105e-03
4.548073573307019613e-03
-3.683982766037804512e-03
9.672796089720426399e-05
4.618643333958987601e-03
-2.810024371813004806e-03
