-9.032968507150110696e-04
-3.884842514327254727e-03
4.104583045226210120e-03
3.672027567708343460e-03
-4.099571465323983976e-03
4.707966362056158552e-03
1.318030052925081401e-03
2.220201142339528824e-03
3.752440213198322827e-03
-3.115044312325616731e-03
1.614403133051781764e-03
-1.710270796988785143e-03
-6.751468876444429237e-04
-4.540803763540543665e-03
-2.519874224447340993e-03
-1.201843955030357930e-03
3.063287952490391722e-04
-2.729161780445614732e-03
3.973569124456378943e-03
3.399404491944389706e-03
9.973895859196725902e-04
-2.664237341808141975e-03
4.300951271501504344e-03
1.076493657424416536e-03
-3.569556601599258028e-03
-3.818948906522868884e-03
-2.538693303574699519e-03
4.097101885152594145e-03
1.682881381448785539e-03
3.780232776494432678e-04
-1.215335201479567518e-03
-2.236133081787518989e-03
2.169026085976327733e-03
3.141941487281255802e-03
4.272148784794977186e-03
1.810761348465087656e-03
-3.264552190921788354e-03
3.331746782191873785e-03
