-3.270418120064455536e-03
-1.316854523103665534e-04
4.511027459614836560e-03
-9.730624990528739110e-04
1.811358301918216014e-03
-9.274771908716651636e-04
-4.557968891556064134e-04
4.715691826338585385e-03
-4.217178405906166563e-03
2.219558638823494919e-03
5.649841639336593280e-04
-1.044107594937886997e-03
-4.184542446356833735e-03
4.166375055983257900e-03
-9.518809196903382092e-04
-1.551584064373603185e-03
-2.797633043663799897e-03
-1.656294619999716927e-03
-4.807788082891710328e-03
-3.066046835597886246e-03
3.074550529778459496e-03
4.827649654206466606e-03
3.427695331864677800e-04
-1.565872920983292071e-03
3.019069366798701748e-05
4.726029860859390364e-03
-1.320813876966158221e-03
-1.194715964909308977e-03
-1.220003497801671732e-03
7.180407324110307798e-04
-4.910616112375942345e-03
4.650090562027002147e-03
-2.127968705602881726e-03
-4.899064423595597684e-03
4.880739491275151026e-03
4.563329574608483707e-03
-2.020167559275490732e-03
5.623529528493700566e-04
