-3.677945336891992774e-03
2.105559992554672036e-03
4.838208727602301418e-03
2.453551243287902840e-03
2.064708976571661379e-03
1.982037547257313112e-03
1.228188571689881048e-03
-3.830327206728961330e-03
5.102735632701131674e-04
4.567082581855659226e-03
4.367419731726182239e-03
-1.600796723887804984e-03
1.314533926291151095e-04
5.012002740328175276e-05
2.249851170913407319e-03
1.806156194140863709e-03
5.204495743368143038e-04
1.256094774548480175e-03
-3.894455408908233454e-03
4.909843578162336256e-03
1.919188401955889203e-03
-1.773588984851802094e-04
1.504643369252433270e-03
-1.321715682685600975e-03
2.133400402795178862e-03
9.442674580411878141e-04
-4.457613606398373382e-03
-3.347861862633518155e-03
7.988954899822734920e-04
-3.160105113513784168e-03
-2.367770565099621121e-03
2.741769976456137972e-03
9.651387389222870067e-04
4.383759076183855324e-03
-9.308563521689431838e-04
-4.905660175602077205e-03
-3.114805513772114266e-03
2.213971050919868490e-03
