7.136342531392303803e-04
3.345931011413684139e-03
2.387621225473102356e-03
4.101065022517242503e-03
-2.682164703262421724e-03
1.604121195002787374e-03
-4.217429075237194916e-03
-3.115619635605362207e-03
4.518115220833673895e-03
4.007600565401928452e-03
1.005889236241389560e-03
4.507557355545241395e-03
-3.867938180225163371e-03
2.574625725005278559e-03
-6.085122981444616649e-04
-1.347931318612192314e-04
2.363428390314602570e-03
2.219674844183333086e-03
2.122691262923955512e-03
-4.047854165884498014e-03
-1.157931829217553193e-04
-3.483138571380316097e-03
-3.058198605673081820e-03
-1.594035320579713973e-03
-4.591223965243595301e-03
6.218637114880345637e-04
6.670707707948668116e-04
1.711534488309112562e-03
-1.944261311540723854e-03
-1.659182445129161326e-04
9.451924590809191937e-04
3.283672041106184061e-03
-1.024970009308700560e-03
-4.283861207448095947e-03
4.554030051460171771e-03
3.886833827726789148e-03
2.412576258249520336e-03
3.012052417207391336e-03
