2.148231311545767061e-03
-4.133510699640921549e-03
2.336165122038393570e-03
4.450035229239557646e-03
-2.327920671454191109e-03
1.321820308922211189e-03
1.168939206868440696e-03
4.575368118418313146e-03
4.569851205655901805e-03
8.115347460107245892e-05
1.376785946108326393e-03
-4.107059066326691245e-03
-2.769898815906566506e-03
-5.373794450299011066e-04
4.098580096793223715e-03
-3.146521205710552539e-03
-1.763054375027532910e-03
-3.504125598008097763e-03
2.625900564469641624e-03
3.633978930902663496e-03
3.202070716343326240e-03
-1.216120160049895434e-03
9.373673438756646367e-04
9.616746316066099309e-04
1.844065825991621221e-03
4.485624609265308899e-04
3.077861128788010950e-03
1.271597939553242677e-03
3.135718289790831101e-03
-8.567903433090509613e-04
-1.760871734474934655e-04
-3.519195758463022558e-03
4.107198229424020852e-03
2.389773787372872181e-03
2.090759138372210585e-03
2.409527531031936155e-03
-3.462615789440696024e-03
2.730691532914236545e-03
