2.447542284097058846e-03
-3.441636089328768862e-03
-3.521599094151498920e-03
3.845233175732553493e-04
4.585261555494971400e-03
5.641031275976258683e-04
4.812863598209104338e-03
1.531084912172484512e-03
-3.966619897442714114e-03
-1.812213356457819877e-03
-4.878425326875321551e-03
-3.691981661246964298e-03
-1.514455583821964352e-04
-4.793940161661531391e-03
-4.824101127821159816e-03
3.609241498652802221e-03
3.833455651583729182e-03
-1.857113096407894334e-04
-2.244953840726314140e-03
-1.187128830312081645e-03
-3.019058673160264321e-03
-1.409472946638918017e-03
4.518108970473038583e-03
-3.610371246059766118e-03
3.504332956577659725e-03
-1.999717018413256844e-04
-2.142780664494454198e-03
-1.958558110370902088e-03
-4.176234711899575770e-03
2.572768898347135846e-04
3.637211296923768128e-03
-1.367661865236062101e-03
-3.017335560781898678e-03
3.218159051793957962e-03
4.508712287249482670e-03
4.144312826027155353e-03
1.619007678208181020e-03
-9.834410479674952563e-04
