-8.657595246124045324e-04
-2.777899847154329232e-03
4.539897428628168752e-03
4.379208645629514146e-03
1.703177084342538325e-03
-3.884964282971245259e-03
2.570092431418076993e-03
-1.652875917230583851e-03
9.334734623474665038e-04
-8.795977546013043769e-05
-4.564313036707623450e-05
3.500275058644565507e-03
-1.854145631279344522e-03
-1.100216662353308700e-05
-1.664365559296847232e-03
3.318900001307387854e-04
-1.135435693695886067e-03
2.153791903586778703e-03
-2.060994489193361187e-03
7.167119830870120542e-04
4.745996362183240586e-03
6.285921217203576175e-04
-3.558968435750029403e-03
-3.584752640338741310e-03
4.195723808496216317e-03
-2.013521744882564371e-04
-2.475597654297782141e-03
-1.667441846914999044e-03
1.148870723185030709e-03
6.357954313519851436e-04
-2.275723552733020273e-03
-4.456242295225013722e-03
-4.764855022261544303e-03
3.543295681093679844e-03
2.709273870609221757e-05
-4.967765870655245670e-03
2.853869064250190435e-03
4.584701147410332259e-03
