2.759786822426292183e-04
-1.172490519402514045e-03
-4.066494751462553132e-03
1.728914519859266544e-04
-2.137229101342189453e-03
-4.519647382124555857e-04
1.489548024999434207e-03
-2.612433060872229942e-03
-1.668201168324305681e-03
-1.896979089695976801e-03
7.911986512040489194e-04
2.958668670866269890e-03
-2.124539576280391404e-03
3.524262416019175934e-04
2.417353960820252910e-03
-3.766239401159138245e-03
-4.201133395151655445e-03
-4.985375188975977451e-03
4.598200700678329797e-03
2.662046005831580388e-03
2.306833013975178107e-03
4.034059846848701836e-03
-2.757924281375596139e-03
-8.868174289173883992e-04
1.720490838131795604e-03
2.439780472713756927e-03
-3.983378674798165354e-03
-3.215462774083953715e-03
3.825862747887310428e-03
-3.191604719573354690e-03
-7.743802825023252123e-04
-1.631915039988642013e-03
-3.140703321641587827e-03
4.290131344734731192e-03
-1.379550421614678286e-03
-2.192533833688788993e-03
-8.222383374584668614e-04
1.627681431332865872e-03
