1.078296307834708534e-03
1.663224424872197793e-03
2.442597602637595552e-03
3.792853663119750626e-03
-2.012418310672587675e-03
1.044351463570005953e-03
3.574052014266877048e-05
-4.017736480710675309e-03
-1.599999121561662598e-03
-3.947676763718819745e-04
-1.961954274583174035e-03
4.894179533945908558e-03
4.819095844435678302e-03
-2.415591617773335878e-03
-4.211336582453338584e-04
-4.762587433538572647e-03
3.299702318057170722e-03
1.285507498542462490e-04
1.083713586123273218e-03
-2.959108008538290525e-03
3.604629974862758046e-03
-1.766550587787456272e-03
-4.760986158309681374e-04
-1.659385903412451384e-03
-2.025085217013634312e-03
1.499424411896312266e-03
-1.561158484741790101e-04
-1.896446041510962618e-03
2.947714519289589344e-03
-4.538139248088835995e-03
4.948154431438679668e-04
-4.111985689853138448e-03
-4.876406854576894288e-03
-4.666883362532468597e-03
-2.221678492642017826e-03
2.163104761650569766e-04
-1.196036208421621255e-03
2.591142769435642208e-03
