6.674705818411541189e-04
-4.187459645400465856e-03
-1.830122409087630957e-03
-3.887833906719134064e-04
4.660346296004428540e-03
3.469901029375098769e-03
-1.456485900081402624e-03
-2.031163638403123660e-03
2.803651889114759134e-03
1.207972764643624325e-04
-4.043941989967763696e-03
2.117045663262916502e-03
-1.657434103677547180e-03
-4.378566294243334961e-03
-4.256972557749798963e-03
-4.404550563639585657e-03
1.468203549537646681e-03
2.707907291282367866e-03
-3.492778588677185325e-04
-2.767225078871025489e-03
2.856431109605352126e-03
2.694113859241478899e-03
-3.969280072394306205e-03
-3.335033876062167522e-03
-1.888393771158941321e-03
-7.426611248072716512e-04
3.509427006349964684e-03
4.025962710194204777e-03
-3.610172915913308772e-04
-2.781021396410419955e-03
-3.731225622687584995e-03
3.797464933808863963e-03
1.850401970608897724e-03
-2.864087134629219201e-03
-1.724612180006336593e-05
-1.057677307705340297e-03
-3.961555177529361288e-03
-8.192655198741311678e-04
