-4.982370084727775865e-03
-7.027961419684832997e-04
1.250429946513030230e-03
4.088975452657562376e-03
-7.680740068857260308e-04
-1.693028392600979138e-03
-8.537230812875069158e-04
-4.717443272439919566e-03
-4.425653774045407510e-03
-4.510350866246738179e-03
8.437797678734629617e-04
-7.119315618543363422e-04
1.227340229681023707e-03
3.343701205428451298e-03
3.095364535595388975e-04
-1.611916554416815538e-03
-5.023281769453201775e-04
-8.055470729263335822e-04
9.449043027305627229e-04
1.342740659766862923e-03
-5.596073943987629404e-04
-1.164701697805002340e-03
1.633372115311860877e-03
3.344475052190747782e-03
2.052425500418753393e-04
-2.806914495779802392e-03
-2.045533954818748792e-03
-1.001570540534828940e-03
2.116739770409047615e-03
-4.088947275607359745e-03
2.108232250241976261e-03
-2.528805834900728269e-03
-2.972322693614078831e-04
3.392343381382952050e-03
-2.260707132979439347e-03
3.768885617189040790e-03
4.151713592077598339e-03
-4.342446617134230677e-03
