3.561428981033610414e-05
-3.342338945924154363e-03
2.409791073568006391e-03
-1.096659623108577151e-03
2.140125009323449665e-03
-2.299177094771034241e-04
-1.757274335765527870e-04
4.762031985928793371e-03
-2.120680806019454093e-03
-2.509573865769506619e-03
3.810196966643085090e-04
-3.238007904672148170e-03
-2.204308216112481518e-03
-1.179796936750583235e-03
-1.559275408008085808e-03
2.499091594639431604e-03
3.214685664560868253e-03
-2.063018963183241294e-04
-1.732330883050638495e-04
4.550259715373650149e-03
2.962904047962459236e-03
-2.151024447370291932e-03
4.294509137173153218e-03
-1.707110776633120192e-03
-4.004167323918898097e-03
2.343233349577656006e-03
-4.642801435538336519e-03
4.933809297132538130e-03
-1.410074929872265435e-03
-2.937635439699019888e-03
4.773532005630319597e-03
3.675201773041800180e-03
4.078011348551999204e-03
1.767765712926312738e-03
-3.907721855757022821e-03
4.480416186203524040e-03
3.535708742777430094e-03
-2.227252765333660473e-03
