-4.241229266145528365e-03
-6.453142030566922510e-05
5.051358470754482854e-05
3.906747333487484500e-03
2.896192713147125244e-03
-9.943390676106526535e-04
-3.982474771808144909e-03
3.451184083428893504e-03
-1.159707442643085219e-03
3.874919907190630883e-03
4.720037519484989591e-03
-3.601444231991106533e-03
-1.022294363303932925e-03
4.900913827459933703e-03
4.130099206667646461e-03
9.596889313181755643e-04
-1.472423429817858870e-03
6.884551433023571032e-04
4.264177688719787002e-03
-4.355691185740556692e-03
-4.352776416122126381e-03
-1.953860979168725240e-03
-2.938953533837370801e-03
-2.977368907966208931e-03
9.107029542377107628e-04
-1.620929450595689787e-03
-2.318568238953191453e-03
-2.236096265557236708e-03
-1.092205393505296662e-04
-3.213990718508331727e-03
3.624789101130300104e-03
4.027337421850945426e-03
-2.534902899539170917e-03
-2.250932541712620701e-03
2.513852284612204911e-03
-3.976080094130996292e-03
-1.711327677853625995e-03
-3.241680493811629864e-03
