-3.742245980681136938e-03
-3.560061080108980428e-03
-2.731765903992087931e-03
5.990045894727034914e-04
1.883038168691820134e-03
-1.841418205439687445e-03
7.219191937453649233e-04
2.449266012561701969e-04
-1.648439743224076274e-03
4.859156408792735665e-03
4.130498336808832369e-03
-1.214850231776591800e-03
-4.145025085732986780e-05
4.025545553417329489e-03
-2.617071287818227045e-03
4.864514515220085683e-03
1.567761668282505703e-03
2.896543049767575165e-03
-3.258006838520591426e-03
-3.825482746502997713e-03
1.615675323608269966e-03
1.938245129041028629e-03
2.541881416198026739e-03
6.902483608388085626e-04
-2.262338443269572980e-03
-2.778833999288390401e-03
-4.534386660182453468e-04
-4.551261694539823245e-03
4.190961922586028399e-03
3.108626644160969107e-03
-3.498150265139107068e-04
3.053016897425995038e-03
3.234351083933533627e-03
1.413261734816181718e-03
3.476255412094701389e-03
-4.529945529165579909e-03
-1.767945023534969479e-03
-3.407493672622421890e-03
