3.481509430881910699e-03
3.357796554210862663e-03
-1.981706004102289868e-03
-1.339154828664996383e-03
1.432858055726850613e-03
-2.314197982952457319e-03
-2.430350467362969464e-03
-6.304621070241812203e-04
3.988533915275874892e-04
2.071081561757539581e-03
-2.722161142934966232e-03
-4.051588021691843698e-03
2.589455429438462276e-03
3.216661869536950255e-03
-3.380688488842202577e-05
3.089174241985277389e-03
-3.019730425266058896e-03
3.061932888627244553e-03
-1.659437254765636256e-03
-4.671251323699966533e-03
3.680523068328833691e-03
3.400858083608430601e-03
-5.595333658430338974e-04
1.756221431696967754e-03
-4.482619140626002349e-03
-1.866493541536308736e-03
-4.804231408398145983e-03
1.231216084572883673e-03
4.160182283739516373e-03
-4.058587196188552168e-03
-5.948368824724645232e-05
-5.612184466482561876e-04
-3.939157375366421528e-03
3.951438916417013281e-03
1.155319315935843597e-03
2.584272136438302801e-03
4.631485865383335593e-03
-2.706447591133772854e-03
