1.929899921927725678e-04
2.266230747802092972e-03
-2.050033424939856457e-03
-9.428812796074236002e-05
4.546257307347183890e-03
3.726703067832157906e-03
4.648138686151078239e-03
1.485908597739103200e-03
-2.977368477353288176e-04
4.760638785617757676e-03
2.477472537858124886e-03
1.105343928903177418e-03
-3.937802060330310855e-03
2.372443642357398297e-03
-2.679719832428365933e-03
8.904229038867788812e-04
4.301247630896639848e-04
3.211555716132907801e-03
-1.955194990332172113e-03
-1.857490460124238026e-03
-2.675050370010588138e-03
-3.573881646025591635e-04
-3.689090712124424437e-03
1.211811355447693118e-03
2.074175197046941414e-03
4.356401923070156099e-03
6.903251417413611493e-04
4.065342041929894887e-03
2.017022546545920759e-03
3.833967292065186896e-03
-4.302899697352010125e-03
-6.009289608506817107e-04
1.816001018607339007e-03
-1.443633682759793736e-03
-1.507941933452747445e-03
6.218218664367294868e-04
-8.838466784397260370e-04
4.163549843679561005e-03
