3.548866217748405591e-03
1.115342324033619451e-03
-3.610405832392278060e-03
3.676385760638485253e-03
-1.400488582461716092e-03
-1.100770925366312269e-04
9.292437281353321463e-04
4.132198292234925616e-03
-4.965384977130142194e-03
1.066576407986008328e-03
2.261254035665315187e-04
-5.494943583001380208e-04
2.722615169785970284e-03
3.385696034494128578e-03
2.013226856890232286e-03
4.825525377964781648e-04
4.793198733388081417e-03
-2.827042364542033809e-03
-9.793129783495883867e-05
-2.110100159035019265e-03
-3.781546570616899430e-03
-6.237901493054542196e-04
-2.547007846575361899e-03
-2.209317367477917592e-03
2.444388821374572987e-04
-8.833175937769804920e-04
-2.369295954853222093e-03
-4.941527681942450671e-03
-6.830394434078094698e-04
-4.934922068384611782e-03
-4.095725308005374390e-03
4.701145281898891706e-03
-5.626565381893454398e-05
3.160064975103973883e-03
-3.776099243738618039e-03
-2.954689424004969082e-03
-1.070480076845438389e-03
-2.006025809445565085e-03
