-3.587383380926094031e-04
-7.636043507194649471e-04
3.681432001794233272e-03
2.504237167107567670e-03
1.184696173510163542e-03
-4.480107880946815162e-03
-4.727059123930962316e-03
-3.060668159556539751e-03
2.304662599726794124e-03
-2.232163289351560189e-03
4.546542786549532741e-03
-2.757408893902237642e-03
2.788613952370297758e-03
-4.794101562023847865e-04
5.863996247960833949e-04
-6.257073150301465866e-04
-2.661778712243779640e-03
-3.678596166116707318e-03
-2.337613639403005039e-05
-3.774113489454806493e-03
-2.061261217463937045e-03
-2.688886995817297686e-03
-2.956273159349322947e-03
3.810758893731357178e-03
-3.677105882458149479e-03
4.883295312819654899e-05
4.230495574939123135e-03
-1.225989822923243683e-03
2.532132679697264924e-03
4.636551541626196191e-04
4.427271737626447753e-03
-4.415214041281819747e-03
2.517577561608064750e-03
-1.503500115723169391e-03
-1.642157217157113464e-03
-1.262125272451088825e-03
8.469200739400295844e-04
-4.874130424103821461e-03
