4.721166796551382744e-03
-2.837527567798295205e-03
-7.919728746522752480e-04
2.270800830794850352e-03
-2.060766915905696238e-03
2.227216616528826000e-03
4.128191255179245595e-03
3.127259626603397930e-03
-3.786975257060424746e-03
-3.299341019201236860e-03
-3.457012549945229739e-03
-4.311277778946678504e-03
2.425035157831425744e-04
-6.977635660217517202e-04
2.712570201102122887e-03
-2.864258113031703523e-04
5.697702859436453229e-04
-1.242291216005279170e-03
1.038113087730603394e-03
-3.138422211066061417e-03
2.777954926254573922e-03
2.123920729889415895e-03
1.847822757777476017e-03
-1.392191795605838677e-03
5.070531411162605348e-04
1.156183193897332082e-03
2.760068473734071139e-03
1.837612227060385871e-03
-2.797400523656267887e-03
-4.978305342017760177e-04
3.109487145645331921e-03
-7.155622924394653209e-04
4.211420105038842648e-03
-1.755700722967570154e-04
-4.602563026347906115e-03
1.864390490502642467e-03
3.855965548389119965e-03
2.307543533797522251e-04
