9.560981971359211462e-04
4.882410720543121918e-03
3.532589219851096571e-03
1.641506331352527055e-03
-4.383055476753367971e-03
2.959822820518719783e-03
1.328268367764930992e-03
-2.929410880774521372e-04
7.880769675600429042e-04
-8.952789362248296523e-04
-1.676403209514524574e-03
-2.894975745908970159e-03
6.960061645772813721e-05
3.452248019495309656e-04
-2.873614687017907871e-03
-2.711500499007132858e-04
-6.758989602986091583e-04
-2.086223215023333237e-03
3.015647939563327953e-04
3.690777903814942279e-03
3.554886747131181732e-03
4.932017532001130994e-03
7.836251905811233986e-04
-4.643194284586199885e-03
-8.567371756646128406e-04
3.203783073241995780e-03
-1.758225010349920552e-03
-2.637991428084664192e-03
-4.462723933155055868e-03
-1.634204615867877741e-03
-3.907037149536953489e-03
4.900286017188101861e-03
-4.713022744494600388e-03
-3.133675474508091502e-03
2.197007249960179244e-03
2.892206245075480339e-03
-1.318874699729731016e-03
1.761890759085940270e-03
