-3.482035532763338298e-03
3.584300810116503727e-03
-8.800919505520315642e-04
-8.811728964447079065e-04
1.760936946001598509e-03
2.286245727283695191e-03
-1.076956128597630381e-03
4.860322878698310547e-03
2.418962392629446512e-04
-4.242697457373282612e-03
4.603707655428914552e-03
4.129110052256811797e-04
-2.694806056812625028e-03
-1.500748051569036467e-03
-1.378926815914162558e-03
-3.997608741621044674e-03
4.714922337945912437e-03
4.488943872337187307e-03
-4.556234281020412821e-04
-1.123196484491873186e-03
1.423576906417253068e-04
1.794257193620096141e-04
-4.899240586168465347e-03
2.404500063868455183e-03
4.138074891448044121e-03
-4.250489139027862663e-03
8.101000168188581679e-05
2.181039284611220944e-03
-4.173842840061102802e-03
3.478924571535401897e-03
2.607583773379639966e-03
4.430824933231471141e-03
-8.309741697709897498e-04
3.182703678819712514e-03
-4.822091740272841862e-03
-1.604768982984353543e-03
-3.788584741446404495e-03
-3.760257090545064858e-03
