-3.933517044546711028e-03
-4.984556621941686749e-03
1.249755523230093764e-03
-3.107665968324873317e-03
2.346866485778116053e-03
1.514532861334773328e-04
2.342574337004682018e-03
9.543129532645269059e-04
1.429265184720337860e-03
-2.472175686483667287e-03
-7.610045094655782522e-04
1.994677240658942682e-03
1.912827359853527809e-03
-4.463621885625171370e-03
4.849179270983326392e-03
-4.824682865531284941e-03
-3.175248752579364585e-03
1.183247862212041465e-03
3.327937567537079394e-04
3.526711498804353806e-03
-2.152146107691690381e-03
-2.591456970493677403e-03
-3.640014194726457191e-03
4.885196253610134265e-03
-3.513192428166190921e-03
-8.241815014283860111e-04
1.243618346542563029e-03
-3.423980574403760746e-04
2.453416877529857737e-03
-4.047117884824896761e-04
-1.031468090061393034e-03
3.590014670681956899e-03
-3.582625468578435474e-04
3.761367446486101399e-03
3.858150825071389109e-03
-3.313616492373428184e-03
-1.616890657793668661e-03
2.635088373441006257e-03
