-4.822213258381078359e-03
-2.719930315130442752e-03
-2.780033761861624899e-03
1.132964986169281846e-03
-3.420875120793152695e-03
-4.424278146747723586e-03
3.398567099753451934e-03
-3.757945135007162082e-03
-8.356238552358272176e-04
-1.854936519640691759e-03
1.860608252640306819e-03
-1.838457879109342986e-03
3.562664847853024008e-03
-1.236285668503359168e-03
5.519666854604870707e-04
-1.924469497905033442e-03
3.929858737212636038e-03
-4.173262447892597642e-03
2.132008114038319059e-03
3.189305534693768346e-03
-1.554661299554135120e-03
-4.411924070410900428e-05
3.410638347225847591e-03
-4.686562102270171518e-03
3.716281322504828497e-03
-1.695130944197798493e-03
2.629450299045150811e-03
4.980565623128143868e-03
-1.483201410040812466e-03
4.393639958026659270e-04
-1.124758074184290229e-03
-1.607408402269569058e-03
3.650353361622912449e-03
1.777241082710497889e-03
4.711882355045183060e-03
4.618648725588711881e-03
-2.351169890261908205e-03
4.436572568891686968e-03
