-1.374828807816329268e-04
3.611074756922905138e-03
3.201246546398587439e-03
3.085223216356252143e-03
-5.018970487606199543e-04
7.776541529431755043e-04
4.908953692091303292e-03
2.924242555305369903e-03
1.194897447528956921e-03
-7.175453235500894866e-04
2.025724402139421169e-03
4.920994859374588568e-04
1.042665963330736273e-04
-3.548911277182559103e-03
-3.184430423559114244e-03
3.354059933246115316e-03
-3.529927611450279709e-03
-4.021395079922916033e-05
-1.196889345399982513e-03
4.330355036626964624e-03
3.315198282224323875e-03
-1.353896208480032549e-03
-8.269981582954303787e-04
-2.493171205372453608e-03
-2.425068119041611913e-03
-3.131333890956556829e-03
1.888288548409335424e-04
-3.540428242361417371e-05
-4.550048025043602722e-03
-3.885396972696342037e-03
2.439040218219419055e-03
2.773794949682059988e-03
-4.652754497223645334e-03
-4.021189682256636269e-03
2.926344918754189908e-03
-1.433428445232150239e-03
4.806675251288146378e-03
4.107538687292286439e-03
