-2.194606730868387066e-03
2.972216229805679441e-03
-2.968607856714040698e-03
-5.881540158852354219e-04
-1.728306374022524523e-03
1.424676525805182101e-03
-2.511010832020743686e-03
-4.197577714139070007e-03
-1.373867133369090915e-03
2.928069443486884527e-03
3.649481249252734330e-03
4.961563948797868828e-03
-1.732623893480000465e-03
6.390617628681807480e-04
-2.799132746576270172e-03
-3.813383395796946483e-03
-3.856160509954954969e-03
-2.871446551239772299e-04
2.420396347751228860e-03
6.560813173528160999e-04
-4.007789391805688904e-03
8.761985192304692915e-04
2.675974969092087194e-03
1.157387015719333126e-03
-2.473557151409448273e-03
-3.424160453963853365e-03
-3.430624730290782014e-03
-6.646894743780129913e-04
-4.926268877040157652e-03
2.505276852518539127e-03
-3.559588260793211494e-03
4.534876212600081821e-03
1.356006469830127806e-04
2.195823656059829251e-03
1.206453396488275064e-03
5.687418771743680754e-04
-1.849225265129449125e-04
3.749578347664947117e-03
