-1.308365589485930690e-03
-2.918845613850714824e-03
1.463918929411976017e-03
4.198773782110896274e-03
-1.679823549494573100e-03
-1.992070141875320818e-04
2.870467437304185729e-03
-2.395900289505379158e-03
6.253440888332288672e-04
-4.711486116518759024e-03
4.730837845747673173e-03
4.255784320676088417e-03
-1.721357180002248966e-03
4.121893973817901055e-03
4.439268775682951584e-03
2.474032413399959371e-04
-1.169027527226721482e-03
3.725004080893367167e-03
3.169616109252093583e-03
-1.709598597061681886e-03
-4.230555072034761395e-03
1.773868426971964354e-03
-7.853148632298821707e-04
-2.461402569077379525e-03
3.669385072775210171e-04
-1.964029076082212527e-05
5.354075665404472648e-04
1.550309766841734792e-03
4.831890984408967679e-03
1.777636762397675346e-03
3.275986044993186089e-03
-2.947555482020541677e-03
-7.978078778250298833e-04
-4.367686028957972269e-04
6.397490756171447107e-04
2.825830077178377933e-03
1.150926232357550767e-03
4.840717107060439964e-03
