-1.406488951204960727e-03
-9.956060673916595355e-04
-3.411142332298036130e-03
1.913110817436197708e-03
-4.892648482800236731e-03
2.550448404241299587e-03
3.550200142583498711e-03
-3.157174055550443590e-03
-1.256839528320148960e-03
1.610908256280104214e-03
-2.044197360496749407e-03
4.335944231699837698e-03
6.288874365929231214e-04
3.564759411809094447e-03
-1.133271940424287853e-03
-4.694021747150752336e-03
3.405349852416243717e-04
-3.546921957718248211e-03
1.877683971573881894e-03
4.108609439399750138e-03
1.793069612544332531e-03
4.430578847119340941e-03
-1.720857033095306993e-03
4.321450971154199711e-04
1.767632042642539557e-03
4.675292559602656911e-03
-1.969833762104219402e-03
9.828001163144205882e-04
3.992072689413912398e-03
4.361950634593282292e-03
3.722332648188997339e-03
3.078146733622815628e-03
1.327824479874922803e-03
-2.591595221380784287e-03
-1.154053284203186095e-03
1.953686014106148158e-03
-6.949007373285532793e-04
2.819314168370938567e-03
