4.680222460339571525e-03
4.971530990185131851e-03
1.012618486748058377e-03
1.318058766357257591e-03
-4.522107082002560161e-03
-3.527012957874527468e-03
1.577069086117202298e-04
1.708839240969328016e-03
-4.270301490760153654e-03
1.286049447608158917e-03
2.995016646318363063e-04
2.943629667476214615e-03
2.520145159560427048e-03
-2.397807835710120093e-03
-3.323272870788627348e-04
-3.826681096291324052e-03
-3.440306635543181196e-03
-1.256165075324857522e-03
-8.695819179352923603e-04
7.348145794169157891e-04
-1.654513729565827707e-04
4.668422556462223719e-03
-2.478851073377569009e-03
-1.341958026384098331e-03
3.106253207374497574e-03
2.015736293815755323e-03
4.218933369016988205e-04
-4.530451348248849472e-03
2.556053012712778717e-03
-4.484446832725626740e-03
1.498012952985156021e-03
-9.854655565715454008e-05
-2.507910842894325431e-03
-1.326213416072382408e-03
-3.493814307985107503e-03
3.687163731279110429e-03
-2.783757060476474074e-03
4.965714217385092111e-03
