2.040555715640387548e-03
6.318208413764190082e-04
-4.289186747669903807e-03
-3.681968787943132489e-03
4.639469558244855088e-03
1.275649135780878088e-03
3.150053569555425273e-03
2.926613892275562248e-03
-4.895876541831697092e-03
-1.226894132745080628e-03
-4.152848458192689302e-04
1.624631703751001563e-03
-2.105636848121180196e-04
2.457588251756869825e-03
1.395105976816296903e-03
9.829048041612121686e-04
-4.009224124688139622e-03
-2.140103777251412508e-03
-3.400927974428788296e-03
4.459840321003901917e-03
-3.350846192568391127e-03
8.745521386826571666e-04
-2.596350216039683412e-03
-3.488877682639379089e-03
8.851737732466771411e-04
2.599114539920876696e-03
-4.337181634707288312e-03
3.724323290147039944e-03
-4.595565447616301903e-03
2.284705758966302722e-03
-1.845340319021657183e-03
-4.515373271479313465e-03
9.112193116543538043e-04
1.658004902645159387e-03
3.247354927440810821e-03
8.462003168729142696e-04
2.939609674136854991e-03
-4.693082521821262745e-03
