-4.721697958859098418e-04
-4.651204282939028038e-03
3.247907062847967680e-03
-3.410660266902078817e-03
4.941234052585515013e-03
4.315488063629432589e-03
7.302044381465094477e-04
-6.824846709202339948e-04
3.455676399691503392e-03
1.685820918386262204e-03
3.729233946280946163e-03
1.092958008336023489e-03
1.602291913161335221e-04
-3.112578171018576863e-03
-1.483912830196428955e-03
1.561474053535006484e-03
-8.672040829585375005e-04
4.741844920478084646e-03
-4.853184269615323093e-03
2.522214698925519076e-03
-4.636866789087162703e-03
3.890431160780555286e-03
1.458820985014481868e-03
-2.513220069159553122e-03
-1.142614989331457165e-04
-2.461294810723047444e-03
2.418771169421660844e-03
3.195493080146528941e-03
-1.706371872882913449e-03
-4.009714962848999475e-03
-5.192459461329027026e-04
3.766072811896194888e-04
1.367592858627664568e-03
-3.900518243012006305e-03
-2.241047722234558968e-03
2.500349081322784245e-03
1.293780921352237143e-03
3.908168110578593216e-03
