-1.090838569482466616e-03
-2.310802669074110607e-03
4.185931067206953918e-03
-3.392539939060330769e-03
-1.812441461606663622e-03
3.754068647223839789e-05
3.408691812451066644e-03
1.555509942413046097e-03
-7.087204403418978504e-04
-3.756765060086968838e-05
2.438413290471204767e-03
-1.776032921535638468e-03
4.779086802792405567e-03
-3.725619486725881713e-03
3.843569366391241804e-03
-1.679487363799868609e-03
2.285926519838624160e-03
1.451821690085387112e-03
3.673816497131351597e-03
3.428225207003483821e-03
1.481598982468474400e-03
-2.751457529839195209e-03
-4.242817658475932056e-03
3.093526952456853926e-03
3.845922400511285477e-03
3.830542665305166142e-03
1.394108700858653037e-03
1.464677947980850235e-03
2.694541993181728649e-03
-3.148235280910263029e-04
3.310058450125791946e-03
-3.008336103026218109e-03
-2.056136196985455800e-03
3.563115521669145760e-03
-4.040170564540800438e-03
-1.083241656771100590e-03
-3.710702222570505179e-03
4.512962686091101169e-03
