-1.270252499266652253e-03
-2.239137770118848451e-03
4.292259608995001655e-03
-2.417001786366463918e-03
7.945245261579917534e-04
-2.229122560534263151e-04
3.647511613226982197e-03
-4.614621100858327940e-03
1.451211915111767607e-03
-4.803882648466402741e-03
-3.026901643861531176e-03
-3.820852025299059738e-03
2.635917654766328604e-03
3.071422814281946426e-03
4.545391443429970882e-03
-2.712924836384150544e-03
-4.726241589123696824e-03
-3.391021249135229947e-03
3.817887158930177022e-04
3.473781658370001316e-03
4.669383738452843186e-03
3.383781805382355193e-03
-4.144587896098229397e-03
-2.087633802340367519e-03
-4.553772231589585384e-03
4.967979036692634146e-03
-4.326007350403645105e-04
-4.034933287740699419e-03
-2.404375599649594131e-06
-2.543669659824917065e-04
4.647694845755079643e-03
4.106354715716088385e-03
5.024410687275880291e-04
4.835215389362232039e-03
-4.729599783508039827e-03
-4.937645975974844399e-03
-4.777888200502615479e-03
-6.098056516524877693e-04
