-4.107823551351744672e-03
4.318500737612683896e-03
-3.396158137632366257e-03
-2.524934760479850913e-03
-2.190601486693959793e-03
-1.713851442052879287e-03
4.299586608154234643e-03
1.794549982479639628e-03
4.914202517333677092e-03
-2.709447043250029670e-03
1.594754034397411445e-03
-1.522429715277544716e-03
3.496465842843876973e-04
4.937345300820607241e-03
3.395450348755610706e-03
4.090071794185081225e-03
3.464057282673868240e-03
2.248360502661922097e-03
-2.932815236326880449e-03
1.268807921090594690e-03
-3.663703648533870195e-03
-4.919505174404517102e-03
-3.443738673127650848e-03
5.336364015559799667e-04
3.915619789011325416e-03
-1.015103758690763698e-03
6.204880068626126774e-04
-4.805675661796893899e-04
-2.889318207250220552e-03
-1.215266836173010609e-04
-1.019253821274400396e-04
-3.694087405321105216e-03
-3.380737011145046236e-03
1.149209023973508069e-03
-1.987604019806164975e-03
-2.485899033233103083e-03
-6.720943790505511800e-04
1.953861050749956633e-03
