-3.795050754760218199e-03
1.461953927582086872e-03
2.057085671627500306e-03
-2.871348831303649311e-03
-3.008914854272655339e-03
-3.583528798826599374e-04
4.677848656799344154e-03
9.820278799762558256e-04
1.687785592727239492e-03
1.591990327388244711e-03
4.555489259343461009e-03
-4.980824252143990598e-03
-3.956340736673349956e-03
-3.929495208001187317e-03
3.996810812752441683e-04
4.529471295190093047e-03
1.414351166295070919e-03
4.719152428242653907e-03
-4.423669596806976100e-03
-2.342524222513297193e-03
2.743025089605639379e-03
-2.362057328973014066e-03
-1.022889337986606501e-03
-1.126250256828171658e-03
1.819412435245830115e-04
2.065478629386785676e-03
-1.125384577213332359e-03
3.333944798529624512e-03
2.849176136110380050e-03
-4.390580134324178346e-03
-1.307120454436502474e-03
-1.591589157708924503e-03
8.233824458211335892e-04
-1.778959317183318335e-03
3.329192133994050146e-04
-4.443409282311954790e-03
-1.222041612822135151e-03
3.299296306844912499e-04
