6.925186092441616703e-04
-5.105411961320019051e-04
-3.499631333137953430e-03
4.604394105121520364e-03
2.305243835360889192e-03
1.647599745445397709e-03
2.818988410324317628e-03
1.830994034301763537e-03
3.412538256354890123e-03
-8.502315614357432855e-04
7.179129058992560208e-04
1.885676124885929048e-03
4.663845667800642705e-03
-3.071071787900333389e-03
-1.614728414255283458e-03
-9.460645288622612087e-04
-1.429470104515045015e-03
-3.479927231687537925e-03
-6.778769724998141843e-04
2.680467063304622574e-03
1.874561528032515564e-03
-1.809048094890916471e-03
3.887969516448930296e-03
1.365355214668368539e-03
2.192391759362539994e-03
6.546279505033397381e-04
4.941471531814676729e-03
1.340539883227186667e-03
-1.704059234794831970e-04
2.842604415927523637e-03
-1.602325486677984301e-04
-4.757616277483788653e-03
4.973360132880683473e-03
2.590579437340178801e-03
9.614969665102156629e-04
-2.788122396929410430e-03
-2.708982655690350509e-03
-4.951407060345408909e-03
