1.041498371247564017e-03
1.801493319929795695e-03
2.950023433945099874e-03
3.045291680384301300e-03
4.833839270182580666e-03
-4.679387741700613383e-03
-4.350251486680287508e-04
3.992377601382549740e-03
3.430765562029857232e-03
2.111133129563804410e-03
3.370503825122732680e-03
4.148819987137123549e-03
3.174010991706584586e-03
-2.279798728192184917e-04
-2.846439675373659862e-03
-3.510197405402533215e-03
3.077878686146291731e-03
1.867621911800951447e-03
1.845265970804185751e-03
-3.534852098957773185e-03
-1.208037841933412224e-03
4.209619226732169012e-03
-2.985251483340767981e-03
1.929871193780529487e-03
1.000654841813676185e-04
-2.103069426393939633e-03
2.664790593812969496e-03
-1.535930676566437010e-03
-3.303976354466828420e-03
2.659692307679201520e-03
-1.426818628041464157e-03
2.040904451181033141e-03
4.151998483325121739e-03
-3.398253622168361486e-03
3.160724591308549172e-03
-6.989588272412559228e-04
9.485261370376042375e-04
6.192958188377386750e-04
