5.579065397684004890e-04
-1.465733014905463896e-03
-3.768638608505103880e-03
-2.019284196005373486e-03
2.832518948409341528e-03
4.465353289434165901e-03
-5.910353915948218448e-04
-1.710670041061993288e-04
1.342189565317135694e-03
2.029602662878999229e-03
-7.813144096912470402e-04
-1.243601474137559070e-03
-1.147268592538177711e-03
3.277926002012225906e-03
3.473284215855734422e-03
-3.043360859313858514e-03
-1.075815305156015839e-03
-4.789901121377129756e-03
4.757340685700233232e-03
-7.501124987989880519e-04
2.087525927400427084e-03
-3.815596358986218881e-03
-5.997902896067936265e-04
3.248198254966297091e-03
-2.761136166145376943e-03
-1.598938777161933601e-03
-3.305997261329424002e-03
4.721721436835021185e-03
-3.378136164584293142e-03
4.851860498024385127e-04
5.518156127586370044e-04
-3.173582458370373654e-03
-4.221201972382385495e-03
2.145914753143216697e-03
1.066317403879919745e-03
3.352797901628245397e-03
1.637836252334913534e-03
1.582343595048650055e-03
