4.764494057627710957e-03
-2.549644178672996319e-03
1.719742646043576073e-04
-3.922095748538465161e-03
6.293221681556021574e-05
-3.685470659026524043e-03
1.735303477961354195e-03
3.587765361311551562e-03
3.251065294791971247e-03
-4.475169154385907032e-03
1.254675033125630945e-03
-4.722315394419711668e-03
3.011961339962685238e-03
4.437928432656933556e-03
-1.002481673851170554e-03
-2.568016127496507497e-03
-4.512733296409996049e-03
2.997410821883320781e-03
-1.082045535106407330e-04
-3.328109855020898802e-03
-4.529973621892999409e-03
-8.522300604127744372e-04
-3.009338939170291306e-03
-2.818866979896614538e-03
-1.214645237251133110e-03
-1.648259741959713729e-03
-2.516538008511228636e-03
-7.559030472921732594e-04
-4.777239704868004207e-03
-3.952591524212339426e-03
4.228085595610473618e-03
-3.726780097441069819e-04
-4.504904874004491723e-03
-3.298463516636859338e-03
-3.224107515756957903e-03
-2.740484304017837443e-03
-1.359732684791532288e-03
2.693273293829876597e-03
