-4.095663355601258764e-03
4.807587227409430147e-03
4.410264708867810482e-03
3.318334514751461115e-03
4.880649086982095930e-03
9.123897376208094795e-05
1.256313365617722951e-03
2.340240846663526122e-03
-2.046229571363852168e-03
6.980765145044188352e-04
4.751747845045152518e-03
2.642709714027495146e-03
3.988773130256056954e-03
4.218679317486463687e-03
-1.547110779423752948e-03
-2.814949635556070195e-03
1.040492534544920113e-03
2.645812905087826725e-03
2.971840280460586944e-03
2.978332521243921491e-03
-1.821912975829961725e-03
3.054859872772749951e-03
5.524559600203725329e-04
-4.663453924350503821e-03
3.329122584958578435e-04
1.282883703711871180e-03
3.145388147112246693e-03
4.761730913843340018e-04
-3.362036061417896914e-03
-1.706544047865245130e-03
4.593165644778568826e-03
-4.183046016790416440e-03
-3.959915819223613041e-03
-1.748143447667210772e-03
1.085578130942124568e-03
2.157887692416097375e-03
3.632881316617582110e-03
3.150544752547619620e-03
