2.294269356621492575e-03
2.304555802147582530e-03
4.574237823638570635e-03
-4.169946430140380675e-03
2.040294117150951055e-03
3.143592401210412723e-04
-2.408164342022763808e-03
-4.864299911947420237e-03
4.164297152339544589e-03
-1.391117768471320740e-03
1.752079409649632061e-03
-2.068670781997679602e-03
4.048782910522812431e-03
-1.974168179003268908e-03
1.666630608044752243e-04
2.813818233803160040e-04
-3.551782677737029114e-03
3.308059921901494727e-03
-1.237767563570304000e-03
1.577116374091938784e-03
3.869029351811527351e-03
-3.349815407397132433e-03
-1.113491175293332240e-03
2.988648383628573352e-03
-4.179781325018633135e-03
1.734663321302797739e-03
-3.600264986883151309e-03
-4.685648904504448493e-03
-7.585312865701779664e-04
-2.968170548305115730e-03
4.516251533723371694e-03
-4.807061156625730240e-03
4.451980581464889605e-03
-4.051251109977561417e-03
-4.911645445466952462e-03
2.749846647794903891e-03
4.969011779419782796e-03
-1.471977969602070255e-03
