1.696871895792565962e-03
2.477310492927307407e-03
-1.608809037748742607e-03
2.658294591875430025e-03
-1.238499886467806389e-03
2.840930938806619441e-04
-1.571388057727517162e-04
-3.402929893270265765e-03
-2.388983436400489435e-03
4.421249571416731999e-03
-1.132718223821629205e-03
-1.000102340667509068e-03
4.089094820636860264e-03
-1.947756952405990585e-03
-4.049456059032446355e-03
-3.016327321907112582e-03
4.936432325786195910e-03
-2.401668256283374762e-03
3.688110566303342414e-03
-3.176174317368972173e-03
6.071790933031622969e-04
-1.110790609206348950e-04
2.977788525398898309e-03
4.524970690838910070e-03
4.021704285064490320e-03
-3.056948460085523803e-03
-3.037924890567968769e-03
-4.390265006859687263e-04
-7.416815627350314272e-04
-2.852345921716973199e-03
2.043626912326155370e-03
-3.749646951020163370e-03
-9.284861093302697321e-04
2.928661286078623402e-03
4.191468942685499383e-03
-2.036848567980358883e-03
-5.367352977143392823e-05
3.903881794651798895e-04
