-2.320982904523048989e-03
1.752917928757338935e-03
2.082414224871972051e-03
-4.264014832349304063e-03
3.734269524700682338e-03
2.915660230237832745e-03
1.862576020275061479e-03
3.417756753021174154e-03
4.060520724441763277e-03
-2.646440583530053608e-03
4.325690747014686310e-03
4.829016009561766520e-03
3.930556408291457915e-03
-4.124281622856461327e-03
-1.195628102927715625e-03
4.012543644207298976e-03
-2.257346700782577285e-03
2.929685546159580684e-03
-3.439870194689749819e-03
-5.254747909048743115e-04
-2.792578575528855463e-03
3.867670923405145886e-03
4.870595259916690734e-03
1.740244807608114230e-04
9.665041210873640681e-04
3.958929207300581135e-03
-2.342466443866182170e-03
4.835029042655697787e-03
-4.371259842251859137e-03
-3.928640570810821089e-03
9.648343008030529563e-04
4.251163016383854854e-03
-7.701389966240385770e-04
-2.242724763717455789e-03
-4.787016302201210077e-03
-4.594658530965134435e-03
-1.744611891672945628e-04
-2.091905179434732070e-03
