4.383892188580408578e-03
2.076042254953793485e-03
-4.947984699994929965e-03
4.568337071035048075e-03
1.693840553753393242e-03
1.160505864511912621e-03
-1.735605904821622015e-03
8.600149298017556454e-04
-3.209398256311091734e-03
1.820237718594299239e-03
1.670352846077010484e-03
1.954745795443670921e-03
-5.129436818267010811e-04
-3.026882936723064403e-03
2.557707240575858056e-03
-5.679900712252383688e-04
-2.616180608266236492e-03
-4.473153047975419322e-03
-1.271540785325468541e-03
2.830128836032303613e-03
-1.528482867347158783e-03
2.768799568197474921e-03
-3.725660003136468945e-03
4.403883267007802083e-03
2.755922570059710433e-04
-4.280217115022181239e-03
-1.497920045584464829e-03
3.230168413636646044e-03
1.579920455877237284e-04
4.962460377787794238e-03
1.210766272363786311e-03
1.152402444293472092e-03
4.860680176238909786e-03
4.579171507003597028e-03
1.025723203204579118e-03
-2.856623999812774213e-03
1.083410761468931241e-04
-5.192508532141518543e-04
