-3.431803353434616406e-03
-4.410136265253139162e-04
-3.139446398659672711e-03
-4.191762590381306261e-04
-3.434288639830761908e-03
-2.833736954273796595e-03
1.944641725561906988e-03
-4.527920275404398454e-03
3.310722387087393706e-04
-2.606424670965235176e-03
-1.980224294931148561e-03
-3.490463027757167731e-03
-2.480830300329002827e-04
1.442160246315775558e-03
1.287318386028241460e-03
-2.039817144052673194e-03
4.759252990351507673e-03
-1.627997800494435446e-03
6.355100605177537235e-04
-4.208065068645064008e-03
1.239641126930817079e-03
3.449918775955422914e-03
-1.254100766457963683e-03
-1.794141714136032392e-03
4.672705688543565133e-04
-3.833255870548712800e-03
3.435063705369211309e-03
-3.044747320163212340e-03
3.713821914749580733e-03
-4.817693933375811165e-03
-6.811085025506492460e-04
-3.983777488864942429e-03
9.424863676642282473e-04
7.131975427582997254e-04
-2.728691773237825434e-03
-8.647503045875358160e-04
3.783161037235574162e-03
3.285214247461873752e-03
