4.931709133402821174e-03
4.205537634313184087e-03
-2.630301513577838063e-03
4.254099114763154610e-03
-1.878786417931978866e-03
-2.973087900531879661e-03
-2.086612522889075630e-03
-1.277580491429568428e-03
-3.548865053376430018e-03
-1.636301597440214649e-03
-3.999329967590194851e-04
4.466261361782472919e-03
-1.882548764280539844e-03
4.501539521418131476e-03
8.289824597073362430e-04
4.331767863762684898e-03
4.982702862188841467e-03
-4.351922039087425392e-03
-1.816101669475248762e-03
-3.017907716456681103e-03
-3.288242616398537495e-03
-2.475328943530900709e-03
7.565306241119878344e-04
-9.113786956471909076e-04
-6.860901261859647660e-04
-2.412671974980592268e-03
4.148500757985866191e-03
2.339677258612619243e-03
7.085831459472868507e-04
-1.761404937618076764e-03
2.258561492284966339e-03
-1.936376212967794077e-03
-8.094739243044626192e-05
6.694070549200029085e-04
-2.915842430338324090e-03
2.647513957948027102e-03
2.179417793419380009e-03
-1.312758003130648325e-03
