2.704781716367487751e-03
2.921232211595794007e-03
-6.493848733820951902e-04
-6.733609958126801631e-04
-9.103845591338513912e-04
-4.216805921680186718e-03
-1.823770714012417499e-05
1.148325115788089573e-03
-2.985315030030068380e-03
3.483894275476476232e-03
-3.248506617486546233e-03
1.238189180523909839e-03
-8.461927511133407465e-06
-1.781491815944134804e-03
1.174946537026441175e-03
-3.076168938482058777e-03
2.172794102315252218e-03
3.828948209836582559e-03
2.456750862597244234e-03
-3.746993216332451630e-03
-4.771555531883745621e-03
-2.928889383912972218e-03
-1.420381770688736427e-03
4.099088534286404045e-03
3.982306531807006111e-03
-2.585072042065620843e-03
-1.776565148065253116e-03
1.004860463733285060e-03
-1.694945872760035468e-03
1.114603030776556251e-03
-9.597923878160267985e-04
4.177542154753270329e-03
8.340084179293870761e-04
-3.259686789739902734e-03
-2.555925759611638471e-03
-3.100944026977550845e-03
-3.023479736852611836e-03
-1.981072348468805849e-03
