-3.329044785567209126e-03
1.097854037110612864e-03
2.589399953697071877e-03
-1.671927879319386970e-03
-2.231951005182824469e-03
1.744495179169480020e-03
-5.023985567126120280e-04
-2.386869125361708657e-04
2.127047212810515703e-05
-9.070684490524363180e-04
-2.578659964025025245e-04
-1.551680352701664475e-03
2.040239405714855923e-03
4.879808979274922673e-03
-1.317214970020181945e-03
-3.093149588647911563e-04
1.635983474494034917e-03
-4.502728264049035353e-03
-3.327840172448432582e-03
-4.801132867872020399e-03
1.160071083936730328e-03
-4.466598334578885006e-03
2.615220288079960625e-05
-2.678734839210810542e-03
4.841855095666876274e-03
-1.172971776758921589e-03
-9.712252434847931312e-04
4.650123247578422103e-03
5.368564877025099394e-04
-2.106019339494077589e-04
-3.106829885381884315e-03
1.225181458173560389e-03
-1.752303446065089140e-03
4.085266146859693401e-03
2.071972122778589429e-03
3.338974075582040388e-03
-8.590191864394670918e-05
4.055394537045715550e-03
