2.964990883697731991e-03
-8.043393377874579961e-04
-2.360656593363665533e-03
4.989242293389890143e-03
-8.875562399027828175e-04
1.529162299794561281e-03
-1.185420382007653772e-03
-1.248142667768313563e-03
-3.771535571043958118e-03
6.271730037412104330e-04
-9.359411607663221597e-04
4.351841422624059402e-03
1.315708192911097321e-03
-1.906125190894491887e-03
8.525119456145773336e-04
-3.544624133134284538e-04
4.452057355478543019e-03
5.896828694558747114e-05
-2.754526463266674784e-03
4.079433509539025920e-03
-3.753393710738969248e-03
1.269690002265498954e-03
2.261289974350867010e-04
-2.392383128514335554e-03
2.796591821949058476e-03
3.236183594644448380e-03
4.708143794982157931e-03
2.399531139016986177e-03
-2.150461791420979311e-03
-2.536986097994517204e-03
2.730104347994566014e-03
-8.849977813418829012e-04
3.211647992597288850e-03
5.231440367053962273e-04
3.958490711927168532e-04
-3.174119020404443312e-03
1.272528319498247504e-03
1.146221891321443954e-03
