2.511751265408497698e-03
-4.761605890460677767e-03
8.952244097655253502e-04
-2.565694182377221272e-03
3.007107999335728934e-03
-3.616901256334376959e-03
4.356151569343299015e-03
3.485823152493409266e-03
-4.168196467075510961e-03
1.048092002957185312e-03
1.966849677670391705e-03
4.045265777297175555e-03
4.757775311136584057e-03
-1.812520862366648767e-03
-4.923975890048544989e-03
4.662167949366524677e-03
3.005316189204817676e-03
3.262771385489160805e-03
3.330140467728923831e-03
-2.223386859747352243e-04
-4.602020023106375389e-03
1.081919563903478362e-03
1.152253273787379705e-03
1.273763357197942037e-04
-1.934201518053856733e-05
-4.494048423021560108e-03
4.842366409416478876e-03
-2.270632652084906330e-03
2.954009994631147037e-03
4.684443575246955913e-03
3.176129939200019597e-04
-3.059148636369604397e-03
-2.718356783588905898e-03
-1.546686494031720288e-04
1.393636631606417521e-03
4.657550453374417754e-03
-4.270981656174802944e-03
4.141870010150155643e-03
