1.169150728472272832e-03
4.632940875353271093e-03
4.090332366959027743e-03
-3.507082685919853809e-03
-4.699102163442832325e-05
1.503781138058767584e-03
-1.010736294611099331e-03
2.180690337184177166e-03
-1.039295898795125107e-03
-3.337351971009948782e-03
-3.677546697823689745e-03
-1.069045880703100096e-04
2.404888424460942947e-05
9.665334018005627623e-04
-7.347070713728878766e-04
-3.418019853144008136e-03
-4.912884118071028823e-03
-3.169654752740912185e-03
4.302598068888314684e-03
-4.600363372014667010e-03
-9.187615306206105281e-04
2.604747742620722867e-03
-1.918159783524241158e-03
-4.362626862977268295e-03
1.979460908464281826e-03
8.112680710012270049e-04
2.888974289418885441e-03
1.402892148769967900e-03
-1.921666892666352988e-03
1.629567547581687627e-03
-3.983833007573006450e-03
-4.671866143767753124e-03
2.082625788886981189e-05
1.649665136787043310e-03
9.195093107666621815e-04
-3.804686235001838134e-03
-4.564642608366269519e-03
1.992243316494893973e-03
