-3.238972826506798450e-03
-3.622515803904263233e-03
3.167225176610118098e-03
-1.848634779214639468e-03
2.495506326877507466e-03
-1.368003235070769721e-03
1.754118129368617204e-03
1.450206372135028413e-03
4.216366275960935564e-04
9.415430279740757274e-04
-3.292262424640312289e-03
-1.697450312995346308e-03
3.494735211008672890e-03
8.214080400290590944e-04
-2.723348606918203196e-03
5.515748382656851523e-04
2.740149993499695590e-03
1.945159328880043982e-03
2.077223887540845942e-03
-4.169903827250696741e-03
-2.640111965738975875e-03
4.683343856394898974e-04
-1.369287732583283814e-03
1.679321343137567951e-03
-5.097858137119246763e-04
3.556071157976813113e-03
1.808362934847524035e-03
4.594796308242743779e-04
-4.335398956961819539e-03
-4.372776994504765091e-03
1.245839118523610518e-03
-2.140385138710169510e-03
4.606607311492760815e-03
-3.418313414108162772e-03
3.132644832551613120e-03
4.015804942652127785e-03
-3.983999797801162160e-03
3.610694087646162259e-03
