-8.345991593128676903e-04
3.692742536620503835e-03
3.461042939702762763e-03
-3.321202048340120630e-03
4.489167450598212025e-03
-7.929957566444791744e-04
-2.061008002472508333e-03
1.220160263699550558e-03
-1.132680770390464588e-03
-3.681070527292272174e-03
3.529680295726455794e-03
8.487411691016164689e-04
-2.350274125076910921e-03
-2.854613657084821218e-03
-2.438518867632849443e-03
3.000430003983194094e-03
1.364552211085397204e-03
-2.770838668895211649e-03
4.063584823992390238e-03
-1.068461578883324672e-03
-3.392718467701113377e-03
-3.579240492341772412e-03
3.736754626466729304e-03
-2.427875827329691212e-03
-3.219975365084201506e-03
-2.072242996150228458e-03
6.179952800976912242e-05
3.653552781271440786e-04
2.039640206914303949e-04
3.419858523233641756e-03
-2.750004952084686601e-03
-1.366360446676522650e-04
-8.817413176412467607e-04
-1.818879753935521027e-03
-3.726002320578890650e-03
-4.881228080417197683e-03
1.444502988931136919e-03
2.348710998011004948e-03
