4.058641190588411357e-03
3.976387162421950519e-03
9.847019099547106927e-04
-2.243080657209472334e-03
-2.104689980281286132e-03
-4.603478014178123343e-03
1.050792992126018538e-04
-1.697919147683574562e-03
-1.853951966884774018e-03
3.363036124274002350e-03
1.047378321734093211e-03
3.350855253620868904e-03
-8.650599214284678679e-05
3.106813622841644515e-03
4.157393449613437306e-03
3.536211292751766447e-03
-1.540995630578493800e-03
-9.186185252631371909e-04
-4.623864528889853887e-03
-4.597224199295081755e-03
-4.029241511484805277e-03
3.458333164627010875e-03
-2.506696196267105530e-03
2.550747022968140321e-03
-4.076410992566791708e-03
-1.793515539673834133e-03
3.632943135530416340e-03
-4.963338299191104482e-03
-3.718119293409797525e-03
-1.532779039301415593e-03
6.083331287479306834e-04
-2.278245770742886103e-03
2.234151901300527460e-03
-1.718898180737920243e-03
2.309837698611830192e-03
-2.543287742021456410e-03
2.284968375668220558e-03
-7.534470525900165139e-04
