-3.861602651192717374e-03
-3.508529876369699714e-03
-3.342445887004189160e-03
1.364820071223863708e-03
-2.633830354594602144e-03
-3.847725465796288449e-03
-4.776370828496747170e-03
-2.874528971323502425e-03
2.139532527584597082e-03
4.593004448246814156e-03
1.885506397586125815e-03
-3.725327749234139639e-03
4.980798989965160017e-03
-7.316186181489494136e-04
3.534617718224494082e-03
-8.539560966381986445e-04
-1.960923859052847353e-03
2.920309207103757160e-03
-1.584309418522486090e-03
2.373601815138013868e-03
2.243065690904046464e-03
4.136158146626640539e-03
2.189562518781573187e-03
2.272933026450639840e-03
-4.639195783118260814e-03
-4.425439715963130557e-03
-3.106187245375780295e-03
3.639279677285634299e-03
2.026103667090846557e-03
-8.027251803507870487e-04
1.258382091132808495e-03
4.560749179993982619e-03
-5.366162609461546176e-04
-9.018546891548517852e-04
-3.383944818270666344e-03
2.959745698605912440e-03
4.839079876752763743e-03
2.939905117454859676e-03
