2.218514482325200168e-04
3.206037575860191252e-03
1.208502391042603000e-04
-3.935153868950016370e-03
-4.026089310984110048e-03
3.705897372571605175e-03
3.343811467404018620e-03
1.590368879299256660e-03
4.335349159940084240e-03
-2.131589223251597904e-03
-2.668629596079173921e-03
-2.849219307098368494e-03
-4.825818416024828250e-03
9.480496517975823406e-04
4.309725035280077832e-03
2.436819125764813285e-03
3.537732691987755321e-03
1.624079622529373164e-03
-2.739001144157700990e-03
-4.863286576435020894e-03
-4.561367158818483737e-03
-4.093704161871189288e-03
3.480468241908153681e-03
4.712553314868762541e-03
3.032887477962863468e-03
1.213695049338468952e-03
-4.694031668655404034e-03
3.982883667474443334e-03
3.697202553707982370e-03
-1.048278241160470643e-03
2.393733024807285885e-03
-2.632117489703060011e-03
4.802348737907892462e-03
-9.255821297855263904e-04
-8.238070831960491933e-04
3.520595730528068221e-03
3.655800469015112186e-03
1.509113011683620512e-04
