1.857635703056708179e-03
-3.226911166389776799e-03
-3.051073982513531971e-03
-1.370847618307946634e-03
-4.060010137890774501e-03
7.384330794738269699e-04
4.178404570168719676e-03
-5.788409025701017271e-04
9.838121097835083803e-04
2.505400375813033979e-03
-2.251328742795816532e-03
9.027708149714087221e-04
3.701287896062140440e-03
-2.429377325687277853e-03
-1.703398598719886668e-03
-4.552919908907973080e-03
-9.447945159672503646e-04
4.366581971234758872e-03
-3.169262513866303622e-03
1.894960564364968174e-03
2.774118315251192235e-03
-3.194173397165715050e-04
4.272095866304925424e-03
-2.255203761423818423e-03
-3.956362299166567113e-03
4.044787608169281637e-03
-4.284917771690382668e-03
6.711511806273273706e-05
1.980387404778087036e-03
2.686701661173708337e-03
-2.659666621109323462e-03
-3.287800752431501231e-03
2.082762667557241411e-03
2.512637209574323030e-03
2.426403760650589110e-03
-1.229318807444354945e-03
-1.583857599059537366e-03
-4.201312704229147668e-04
