-1.293205867815021629e-03
4.050095859454776528e-03
-9.015088061026651708e-04
-4.215584252786137159e-03
-4.130202174711038524e-03
-1.803418612967488607e-03
4.943928437168409323e-04
-1.970259252217394352e-03
4.103676294948222641e-03
-2.435551377973513374e-03
-1.781736348793227283e-03
1.553439730606205951e-03
2.120352144509092887e-03
-3.191782006920019024e-04
3.972751179121974258e-03
-3.914400746285115473e-04
9.808054340067267826e-04
-2.232949116785433452e-03
-4.229257704247178958e-03
-1.376497821924815932e-03
-8.660031511203529486e-04
-2.795232446863191340e-03
2.358280240234139798e-03
3.526779527172396733e-03
-4.287698251428396709e-03
-1.720432852568343652e-03
-3.877942581144604769e-03
3.533997090515685752e-03
-1.023960145912002941e-03
-1.914888229088981732e-03
-1.290348795272756258e-03
-1.976393724976423846e-03
3.359272586770659791e-03
-2.574152840766073640e-03
8.844444100672655892e-04
-2.759364743051698557e-03
2.286804058241921622e-04
4.374235484979459992e-03
