2.050060904528466267e-03
-3.547596786602475079e-03
-4.481601312788782709e-03
-9.811220151537403122e-04
-4.974841956989755481e-04
3.660238343204148814e-03
1.510855299928019237e-03
-3.569113809642956471e-03
4.870838794065569105e-03
-2.459012571573394521e-04
3.191359061303057632e-03
-4.491635169731524740e-05
2.140352400044455775e-03
1.734957660707840514e-03
4.809484405769575213e-03
5.416610276778631786e-04
1.724415909632791809e-03
-1.365717547961145875e-03
-9.825130978098539289e-04
4.940803845908591993e-03
4.239711520653215160e-03
-1.251028033828712350e-03
8.098498451590413483e-04
4.804183405856558495e-03
1.306507291720009414e-03
4.248907026486264255e-03
4.415326415644335589e-03
-1.402435278003160909e-03
2.191742854657836685e-03
-1.945829494528399182e-03
4.081490683246469936e-03
-3.829188138430064149e-03
4.976352608704808639e-03
-4.838657950902451946e-03
1.714084647047957148e-03
7.196212572230789237e-04
-3.945404970200557491e-03
-4.164321880560010666e-03
