4.492399361634704172e-03
3.156488135198372291e-03
1.132992491636459174e-03
3.932395367230409264e-03
2.077451817801091727e-03
-3.026884872295442126e-03
5.917181954719977210e-04
-2.073307341435517374e-03
-3.361937044505408645e-03
4.250229022278825819e-03
9.932016420083301586e-04
-1.977337374111073302e-03
-4.322680262552121289e-03
4.180182404677247610e-04
-2.913058723443804482e-03
4.689096907649473178e-03
1.758998256401524476e-03
4.100697036861979117e-03
-4.892582267030094571e-03
-3.039767373389707251e-03
-1.245782704404243667e-03
-3.641705420659895227e-03
-4.368404126792504658e-03
3.397039468902043197e-03
9.479424242431998271e-04
4.428892905610246761e-03
4.477439624961091283e-03
1.818179774039797164e-03
-1.990893914327590292e-03
-9.263250299800336249e-04
1.422538795884259639e-03
3.397005983343300700e-04
3.146605754385465789e-03
-3.959236479413886720e-03
5.726911982516123475e-04
4.778915600039266437e-03
2.653496056844553350e-03
-1.525263668297675672e-03
