-2.881150270830496341e-03
2.207316923702709772e-03
-2.447967621893427058e-03
-3.577999814379393025e-03
1.451844596565578065e-03
1.495827826362140962e-03
-2.730922607876162377e-03
-4.164495061528350819e-03
-2.264951706894984679e-03
-7.315086316232481331e-04
2.383832557588964375e-03
-4.448540321284387075e-03
-2.423039132941738876e-03
1.516674038930092630e-03
7.216797628022391525e-04
4.711965038282245680e-03
-5.887969756970716853e-04
-2.578142043028856800e-04
-4.133256792549748135e-03
5.225199355033327206e-04
3.411756015550444776e-03
1.232489958651859091e-03
-4.606604020123691162e-03
-9.538223935507943868e-04
1.509150830112103089e-03
3.593980919219358708e-03
-2.197519881896719488e-03
4.763410709335053408e-03
6.003585910334023959e-04
-4.686058130434782656e-03
-2.122224434440824273e-04
-6.843586959420274590e-04
-7.384198440737576447e-04
2.200046017478134164e-03
-2.926967749204187775e-03
-7.912066058975361638e-04
2.986724218609975237e-03
-4.885954803114728011e-03
