-3.970819520146365647e-03
4.253197699803066417e-03
2.118980045746328943e-03
-3.000377299590815082e-03
-3.599823793777439003e-03
1.780383982942415795e-03
-1.906923696852143735e-03
2.765233291940328436e-03
3.593835530310155249e-03
-2.759970824662201852e-03
2.891463285437628761e-03
-1.530647098522556430e-03
-6.103352703017220215e-04
-3.375081030395256886e-03
-1.848733546801599199e-03
3.919032284478349976e-03
-3.468911181513874113e-03
-4.547944926657694099e-03
-4.741181787508015957e-03
2.059595412229328799e-03
-2.554049148610910112e-03
-1.046002301134629255e-03
1.702875908052088778e-03
-2.778608626764027083e-03
4.324675218706957106e-03
1.429247472805456054e-05
-1.899507153167315568e-04
-1.893607570865891293e-04
2.716014581176876691e-03
-3.060238381042893266e-03
4.870768876851833476e-03
1.040607562919740152e-03
8.706984811671812305e-04
3.894557416214923518e-03
-2.706070421987201349e-03
-2.016123841592269272e-03
2.235609724582386659e-03
-1.074530068273583591e-03
