-2.459626347644176814e-03
3.865153578271114665e-03
-4.661012908016163095e-03
-4.368667606290094207e-03
4.037054008009847983e-03
-1.090588452004662839e-03
-3.408856920354763360e-03
-2.317433276277929607e-03
-3.588520346672185307e-04
-1.146861233500100219e-03
-4.550377110074501144e-04
-1.656425560684331427e-03
2.292951118631216499e-03
-3.618479089586079840e-03
2.978772219737073346e-03
-2.618002998655822883e-03
-8.010440162665773828e-04
-4.330575943311815515e-03
9.957591393673602409e-04
-2.725744052963087471e-03
1.457828063696831218e-03
-9.467270501199546995e-04
3.153550197874095337e-03
-3.232831804396628546e-03
3.689533715344762640e-03
-3.688716407839400142e-03
-4.321680054801643744e-03
-5.075857490522200574e-04
-3.659232166287853388e-03
-3.287083077771357602e-03
2.956824485706081515e-03
7.131288613999725579e-04
-2.231638007015412321e-03
-3.725992732377448637e-03
-1.961061415638018848e-03
-4.056184112400810018e-04
-2.639270151404008238e-03
-4.911361721176336903e-03
