1.449953723107962750e-03
-2.681439235034542914e-03
3.745644574161096502e-03
-3.538824611198052549e-03
4.096522396048043330e-03
2.132432995983851026e-03
-3.811888108513508764e-03
3.253285724224218647e-03
-4.404065454913189126e-03
-2.078335490053595958e-03
3.551772051776765082e-03
1.197225985043902895e-03
6.220145302999599210e-04
2.433353988925712232e-03
-2.241574908184161639e-03
-4.114753597539244287e-03
-3.070450573182757076e-04
2.776096529484613738e-03
3.281487601267292498e-03
-2.041288857551340746e-03
4.046924166974679229e-03
1.292577863011244547e-03
-3.159516412157875771e-03
5.541923661535087808e-04
1.675939879300914620e-03
1.063360038876727531e-03
3.657123719341610554e-03
-3.883028439540324884e-03
3.927560313286745583e-03
-1.453314024871552989e-03
-1.615246331328531754e-03
3.451853578940147077e-03
2.381884316863507565e-03
-3.523590216321875832e-03
1.588214687442456377e-03
1.271155788464253464e-03
2.727197235452076020e-03
-1.009018998577144131e-03
