1.294782987766281493e-03
1.008789966921963023e-03
3.658061275882596927e-03
-4.659244744214272559e-03
1.674643107673219264e-03
-1.162441095327442289e-03
-3.592957039148525489e-04
-3.925713145089612145e-03
3.539833157374043526e-03
-4.885956087881308460e-03
1.334850622223362517e-03
-8.738079669366131258e-04
4.439204553072159665e-04
-3.838480839419023023e-03
3.743478454436982572e-03
2.413859569804714666e-03
-1.264909501429827172e-03
4.919674082937889811e-03
-1.751234588260779015e-03
-2.826728233756346451e-03
1.332092636072867986e-03
2.833602212457186562e-03
2.516817279399695406e-03
9.988258271997766183e-04
-3.427853605404859293e-03
-8.573416877665504879e-04
-4.198312761706570265e-03
3.075679018196136871e-03
3.880409589914222968e-03
4.103798599240661080e-03
1.925216603217152003e-03
-4.272158480551794396e-03
-2.477224900571867172e-03
-3.854336145098976978e-03
-4.138781127832866051e-03
3.722010715656452057e-03
3.413519455365351604e-03
2.065075169769176565e-03
