4.787751109581364628e-03
2.910755108229559976e-04
-2.256239945567191547e-03
-1.385290927008358056e-04
2.960880296294220865e-04
-6.299727890782995735e-04
-3.933672228392455159e-03
-3.142533535311790860e-03
3.621406682337627997e-03
1.120582199086625833e-03
1.501724395881522296e-03
-4.202704374134429849e-03
9.596024184289862757e-04
4.073720301415782383e-03
-2.073231773508177680e-04
4.013822328646863419e-04
3.318585825509047169e-03
-2.476502420020102249e-03
-1.914234137234239932e-03
2.434450807151736403e-03
-4.388630275231186068e-05
2.230094367699374594e-03
-1.730838010769854794e-03
7.278011736112175584e-04
-2.651172282715039998e-03
3.661060359859523092e-03
3.153619130565658846e-03
-2.939680305147618182e-03
-4.047099262355867248e-03
2.174858636848405608e-04
4.405088939857524852e-03
4.056442983461697877e-03
-4.615437489407835450e-03
2.542043406841354783e-03
1.534438109699404890e-03
-3.771431362889804580e-03
1.274321787680422757e-05
-5.628623805304785663e-04
