-3.374716046587374410e-03
-1.569086104406865016e-03
-4.680628755804930839e-03
4.042306462526972302e-03
2.909415688705922418e-03
8.541787907667963697e-04
-2.474835122903898746e-03
-2.458824347066620314e-03
4.656665415213128573e-03
-4.202908390207602332e-04
2.250446621655499344e-03
-1.280270710565594230e-03
4.482297809857307622e-03
2.126851468306286894e-03
-4.596761345550523514e-03
1.951642527262549554e-03
3.377467578400655812e-03
2.466012653433227730e-03
4.503668550329990514e-03
-4.326602691248287481e-03
1.073064551045323396e-03
1.585388989762901053e-03
-5.096761363446548898e-04
-2.847953558023972806e-03
-3.164806975305408960e-03
6.272881620010854406e-04
-3.073634848650117629e-03
2.504544568931555554e-03
9.573221850775817665e-05
3.885912510696584027e-03
-2.023905813241991865e-03
-1.962309418499937150e-03
-1.317354613825641105e-04
-2.185850901572056193e-03
4.684471173285584614e-03
3.784038477083069216e-03
1.917772513923700350e-03
-8.656417233754631554e-04
