-4.790319074307599484e-03
-6.194965610509719361e-04
4.684091721818212442e-03
2.758412086272380749e-03
-3.970720593485778382e-03
-1.148862777844934790e-03
-2.199848356648978487e-04
-1.571749707741763522e-03
2.227879736542939804e-03
2.645509575021756654e-03
1.237134381244894138e-03
-4.502595064090672734e-03
1.700057119396578172e-03
-4.189175888023851345e-03
1.305325403470814459e-03
-2.835151969101634608e-03
1.289365610745444451e-03
-9.779131811873953417e-05
1.517869753623757832e-03
-3.117502433475955077e-03
7.927318301618573038e-04
4.019440260080263741e-03
2.743208675528802619e-03
-1.499141639439435705e-03
-1.869159309911307132e-03
-3.478116647302165274e-03
3.321752100792160073e-03
-4.172459927383659339e-03
-2.976666769614089679e-03
1.391092763470473496e-03
-4.787460800069328823e-03
2.856896072311021148e-03
3.772634618654572419e-03
-4.474875549308099561e-03
-4.849652462476082906e-03
-4.693908910495239208e-03
-5.310351521926196319e-04
-8.378140814409330839e-04
