2.494785435146030551e-03
5.737005440192679065e-04
-2.569675139444184495e-03
2.166980475553630971e-03
4.389070731276921086e-03
-4.838001027964501134e-03
-7.372127702199747154e-04
-4.758671020837807082e-03
-2.735200062086948127e-03
-9.404536098133828986e-04
4.214282646053803955e-03
4.750256649709665852e-03
9.922362431372087899e-04
1.479743819437735058e-03
2.328021658480254261e-03
-4.012639039136482386e-03
4.034192291792190049e-03
2.041454432232715603e-03
1.134053080162769969e-03
4.542460704453242168e-03
4.546572261324554470e-03
3.796698654499672601e-03
-2.709229251080723985e-03
-2.725527060308802815e-03
3.869998504220725430e-03
4.477908090689354526e-03
-3.499049787942343920e-03
-1.139227018618613630e-03
3.624959346430350199e-03
-2.979739408327632469e-04
2.600647383633270318e-04
1.341333436185735209e-04
-2.443158982918416326e-03
3.294239153056365346e-04
-3.294955684772163905e-03
-3.037262258107058938e-04
4.563509531742520123e-03
-1.240520101941171814e-03
