2.099682636282659658e-03
-6.285266580534718678e-04
-1.789940743862202584e-03
2.585983716318953837e-03
2.787347866483934865e-03
4.084322635221482659e-03
-1.667340407392864030e-03
3.882687241880011797e-03
3.964235855761189323e-03
-6.919173522890046182e-04
2.205188168504687053e-03
-9.772051468254763437e-04
3.807739222300404736e-03
-1.489053056636110896e-03
-3.363144149131046257e-03
-1.508308365063821491e-03
-2.351219427024417875e-03
-2.470242512365919754e-03
-2.297245843669630527e-03
4.232511251146759204e-03
-4.151083852280683384e-03
2.443125395265075862e-03
3.686866129126744468e-03
2.168152164232619271e-03
-2.167700785438865692e-03
-4.821193306591865270e-03
-1.914427070797842644e-03
-4.024007104937487103e-04
2.853678036663150064e-03
-2.173338559269721599e-03
-4.553233184757362467e-03
-2.418436242947939914e-03
-2.458507594394190084e-03
-3.369403601185833735e-05
3.936581768486295194e-03
3.394006966359858213e-03
-4.124374519006733519e-03
-3.905934236138990101e-03
