1.191486079394684684e-03
5.783881527530419786e-04
-7.001464784557936624e-04
-1.528830651822052616e-03
-1.463696787207074274e-03
-1.418994614917725491e-03
4.252880798279404934e-03
1.315470226729681912e-03
-2.300997328774739576e-03
-4.263541150920714326e-03
4.981704993720446201e-03
1.358501221715995196e-03
-9.406498799610328587e-04
4.698993314139596547e-03
4.480730277598609507e-03
2.006922361286062224e-03
8.074877249399960155e-04
-4.415452045035167701e-03
-1.005894318925357710e-03
2.112593107003926836e-03
-4.737621952078218367e-03
-2.000794108938364589e-03
3.778616776168568919e-03
2.218314279178284533e-03
-4.711201061000994984e-03
-4.457406038190321260e-04
3.913769423895714639e-03
-4.463541413541518427e-03
1.286164576353913611e-03
-2.361772257621889796e-03
3.791148832084189138e-03
2.448515206561762553e-03
4.771615208290235638e-03
-1.487483790411957621e-04
3.274814006716574369e-03
7.611404920669787369e-04
-1.960719230528783219e-03
-3.682490590086429441e-03
