-1.992915791249342140e-03
1.155442544316298212e-04
-3.436749747677799241e-04
-2.903819332414441651e-03
-9.974032584983260480e-04
1.682420606579557859e-03
-3.164322193260482932e-03
-1.326625702805303651e-03
4.398648007726723569e-03
-3.604236312000363290e-03
8.623553629990210120e-04
2.514735401803801750e-03
3.548084529919207433e-03
3.153403553825527908e-03
-4.648708562457300880e-03
2.511028995445801527e-03
4.097582285804046015e-03
3.182935791249782292e-03
-3.105638762890828609e-03
2.765884745961398258e-03
1.549964891855324864e-03
2.716062440725014633e-03
1.919754991993592383e-03
4.470495809012970875e-03
3.797588931305639556e-03
2.643997282116522345e-03
-3.018209227645821460e-04
-3.008156877129714891e-03
1.832206238902035593e-03
1.067042810276453389e-03
4.260785751321096923e-03
7.892471232202463716e-04
-3.259923159772947984e-03
-3.998577475629896266e-03
-3.008322811607133402e-03
-2.710642419806131350e-03
-2.063711853984269342e-03
-3.053106368875471710e-03
