-2.077849344889142955e-03
4.572918879206978524e-03
3.863264453017465488e-03
-8.613481493624612628e-04
3.774097464961552462e-03
4.559892910476603251e-03
3.123228953960093673e-03
-2.147047440531438169e-03
-7.647205785320434351e-04
-2.412001089571372877e-03
-3.367027591361503470e-03
-6.334554583982549003e-04
-4.860282086099074542e-03
-3.754828645540374613e-03
-1.412859992430682155e-03
-3.101507124214870469e-03
3.797644581928971350e-03
-1.993113870648766540e-03
7.879839696947324099e-04
2.854411147936119358e-03
-6.233402666188285826e-04
-4.826777571888474921e-03
-1.967916345941585817e-03
-4.597127140475490079e-03
1.319889295182093483e-04
-1.213500996501972254e-03
2.027246009704515746e-03
-3.229675034045023738e-03
2.143203246239348131e-03
-1.297483748607500958e-03
-1.813054318773434873e-03
-2.683468132645454134e-03
2.656369698742225109e-03
-2.148386725130329872e-03
-1.817265172093594349e-03
2.536272158941886568e-03
3.231882538186422668e-03
1.166298404665168202e-03
