-4.354855453200988380e-03
2.580614175755033095e-03
1.993984279321571809e-03
-2.534610496938435355e-03
-1.337950755281639825e-03
-5.362045067163678444e-04
7.851394136147698405e-04
4.562218368970321139e-03
1.641596828650962459e-03
-3.250365355094968038e-03
2.772855656549118308e-03
9.997432225117720145e-05
-4.618156676402885089e-04
2.494949065144376650e-03
3.190198717680349169e-03
-2.856547478564969850e-03
2.925081919031641969e-03
-2.799617624633425183e-03
-2.284012333375884385e-04
2.164488615546767206e-03
1.679660266786143878e-03
1.671089538006328458e-03
-3.624427557075088693e-03
2.496020900188593641e-03
-2.258941778506932951e-04
1.574740323078835207e-03
4.037999466567694651e-03
1.650634689983439089e-03
1.107947768775508282e-03
-2.603900785887972458e-03
-3.617330470767933515e-04
-8.313705239573069075e-04
4.834388112150067238e-04
-4.955700326946740897e-03
2.953253552688177644e-03
2.107547852044083271e-03
-5.767953229461201051e-04
2.764132448580341149e-03
