-3.159657463499519325e-03
-2.209006195913650657e-03
-3.555049381644285415e-03
-3.735082030496775490e-03
-2.799656124654515202e-03
-3.802789269303860024e-03
3.202076547617687188e-03
2.126570398921547207e-03
-1.721598670327669639e-03
-3.361169130123544974e-03
-1.337129888135182854e-05
1.294411818474484020e-03
-2.089041309817965368e-03
-7.717478808841665358e-04
2.677218038209742967e-03
2.633205847220201554e-03
-3.649761076805011634e-04
-1.527081120061247414e-03
-2.908546729842467413e-03
4.479164352621757203e-04
-3.410033398886435849e-03
-2.635610736935179582e-03
4.711090862561839038e-03
3.191009118386267662e-03
-1.195544990953904645e-03
2.544424303417854201e-03
3.545833280265758489e-03
7.882480349064996394e-04
3.731626783881572540e-03
-4.141368214847637383e-03
-2.530629211079691437e-03
-3.268739140085254267e-03
-4.563044371511753260e-03
3.419285852446529370e-03
2.241097487350358040e-03
4.415717113248568068e-03
7.808365103025632567e-04
-4.526449015941737611e-03
