2.941006493597759369e-03
-3.038180723020332541e-04
-2.926237356124107569e-03
1.152307771362544135e-03
4.996499221212645156e-03
2.120982003760362236e-03
-1.942720575947928015e-03
1.803863687219127258e-03
-4.197988897553299632e-03
-2.015116686243708516e-04
4.872989460391498676e-03
2.215537969758402115e-03
4.668272340016899405e-04
-3.642678425006957901e-03
1.607411337767690115e-03
-4.545519435115162252e-03
3.363328286318367083e-03
-4.605615925076962484e-03
4.484699391832993112e-03
8.463465452848662959e-04
-3.618956104377746459e-03
-4.891983597621436634e-03
-1.314241421405601667e-03
-4.884193937589745640e-04
3.077207934660772595e-03
-4.612269186783134536e-03
-2.377970292003789721e-03
4.637328381829661228e-03
3.437426742227080514e-03
-3.909977230392713832e-03
-6.318624437851375064e-04
-3.587735431553743578e-03
-3.233957739525688060e-03
-4.686333728564400641e-03
-4.443569172961634242e-04
-3.505892763314945142e-03
-4.750898364789641129e-03
-7.065998687678168300e-04
