1.091111048827607399e-04
-2.438746686744333592e-03
-1.183290200746776877e-03
3.878864622715994318e-03
-1.532059749476853520e-03
-4.712545283922003371e-03
-7.844691111919890880e-04
4.746720020282188535e-03
-2.222327567237461499e-03
4.730844447116593424e-03
-1.156479857874308237e-04
1.800585481843829973e-03
3.329364553681183822e-03
1.607638889398421006e-03
7.636605493274942896e-04
-4.671318208151393515e-03
-8.490683671465706558e-04
-9.661559500710788922e-04
3.708956406506046938e-03
-3.686676516598593606e-04
9.746817513273300232e-04
4.154100937368496171e-03
4.482500402094040728e-03
-2.927503444992312232e-03
4.764477052617330233e-03
-2.925823380393965598e-03
2.344217816699278520e-03
-1.946698252869750491e-03
1.180580920021797979e-03
4.072941015559244926e-03
3.683355750952167773e-03
-1.653617473658644445e-03
-4.129563072247623839e-03
4.208900791000851418e-03
3.921425517215757287e-03
1.293664522511605956e-03
-1.985018199075195850e-03
-3.438077447476453347e-03
