3.927519985387440890e-03
8.990908189019340691e-05
-3.846346179522801625e-03
-4.565816104948995993e-03
-3.073345423879821330e-03
2.049204460816694481e-03
-1.496180274911012090e-04
-1.610952310562785254e-03
4.352682321850202818e-03
3.955891519883623572e-03
4.444425167878060523e-03
3.202903376691818363e-03
-4.779398836304797789e-03
3.902741107362212372e-03
-2.054556040465400912e-03
3.813153865929643643e-03
-4.856321999246559877e-03
-2.627445896388093480e-03
-1.740484097195702917e-03
-4.940298701285329372e-03
-4.795174660833428915e-03
-3.667824999348535432e-03
4.218077862237238837e-03
4.321049368133812046e-03
4.054608121151166700e-03
-1.730990884518995767e-03
-4.884480353739427579e-03
-3.665344460512644578e-03
-4.653956282274392120e-03
-1.616549266040225117e-03
9.074848832757607606e-04
2.123676333365043592e-03
-1.390866708465268373e-03
-2.963685708638185649e-03
9.822790605911544543e-04
-4.728719278215983389e-03
1.051602437609667692e-03
1.945292921929099410e-03
