3.271233650610121460e-03
-4.256286306248462104e-03
-1.708088830879982405e-03
6.130243105673663026e-04
6.024001660400587696e-04
6.025588312265914639e-04
4.236390760041484210e-03
-5.074004551648718039e-04
1.712341844392431013e-03
3.020745545152010367e-03
-2.440478328210243537e-03
5.449441206388464659e-04
-3.325401771144030107e-03
-3.439757134883511362e-03
1.125523705685118649e-03
-5.005901120022568374e-04
3.953044041914276913e-03
2.959046167436692881e-03
2.762945630361119363e-03
2.389779368964665973e-03
-4.432089993637779862e-04
2.566269320348772177e-03
4.812717181899458380e-03
-4.936576747779954089e-03
-7.538483490925262584e-04
7.512201695611597438e-04
2.188847769365911966e-03
-3.939866186708282716e-03
2.664821434751562385e-03
2.728230159154572225e-03
-3.419165315985074963e-03
3.932024516410566328e-03
-2.283020799280008686e-03
-2.910207241779200118e-03
-2.675784602678753319e-03
-1.375005866659277654e-03
2.798235920076927452e-03
-4.491838004389691469e-03
