2.395077328818809650e-04
-3.265364254405018520e-03
1.941991261094935285e-03
-4.544864530046135477e-03
2.350840171654665182e-03
9.221137403713341313e-04
-6.181067760124645677e-04
4.684596545321981220e-03
-4.127792361704653995e-04
3.694883186243514903e-03
2.609733766700528083e-03
1.339281065123993329e-03
8.743065971958188798e-04
-1.730078393993846140e-03
4.901754692026156351e-03
2.900927276019843459e-03
-1.360851335454708443e-03
-8.822414918844027551e-04
-1.938391724448440719e-03
-2.608450509181668188e-03
-5.066750701674515439e-04
-4.531383044060827842e-03
-1.153028570350679398e-03
-1.858010824091850099e-03
1.655807517705181267e-03
3.412300176723892520e-04
1.598779536513914717e-04
-4.321563002481034962e-03
6.589296261844471148e-04
-1.225140472428409323e-03
-2.339963099557050563e-03
2.980844033237688498e-03
4.383864549256391574e-03
2.238469949848912073e-03
6.827818364805284326e-04
-1.729926067449065116e-03
-3.128611373718588953e-04
-2.154591122483450003e-03
