3.378890827348166384e-03
2.335090034104193163e-03
1.795056230552972282e-03
-1.131493912166941281e-03
1.749543998827421051e-04
2.469890637705797649e-03
4.094133951000614863e-03
-3.452575788824887183e-03
-7.954898774542966400e-04
-2.325732027614939475e-03
2.684498227643939729e-03
-4.461058131792657033e-03
-2.996717463820477989e-03
-8.296315404133797894e-05
-3.542226843814988251e-03
-1.261429372368463430e-03
-4.669212812227927986e-04
2.427454814326386601e-03
2.909931706978344940e-03
3.170012659241652417e-03
-3.646786269010261067e-04
-1.922159059058997817e-03
1.804586810453445191e-03
-2.624561061213295798e-03
-1.572429991267259436e-03
1.973812881251145110e-03
2.289278462292355931e-03
-3.097558068504958038e-03
2.737583526488777952e-04
-3.755949780379092690e-04
3.203748724252582572e-03
3.159289791318622628e-03
5.647891964055294298e-04
2.617008107379132156e-03
-2.899193568828456122e-03
4.760322821222216089e-03
3.804127558967029810e-04
-2.940370788376384884e-03
