-2.788068826960651749e-03
1.972067302284418941e-03
1.883850624351045104e-03
-4.931325106004001875e-03
-4.668806922051676501e-03
3.418722586991496115e-03
2.095047960437610574e-03
-1.714203395833543541e-03
-4.093972937258360742e-03
1.093959893258234992e-03
6.502289269875744654e-05
2.586056936826052269e-03
1.525606355735773835e-03
-3.465865536954083892e-04
5.316926506424273641e-04
-2.346612616200800545e-03
-4.339778661159770026e-04
2.261918429625894671e-03
2.740959796952402786e-03
1.275308277550701343e-03
-2.497996197315886010e-03
3.371738873173910772e-03
1.551530131950702718e-03
4.445472077234969080e-03
-3.404108291659465983e-03
2.029355203167884474e-03
-3.812810616742415629e-03
2.478074759391208151e-03
2.620825658329133633e-03
-3.635662129735979346e-03
3.099070780124430977e-03
9.358966220693277702e-04
4.576738973726464377e-03
2.743758950348406528e-03
2.294041090692861343e-03
5.917656242763738236e-04
-2.333462670031491350e-03
-1.953214659296466371e-03
