-5.465337546003926766e-04
-2.059601367456169972e-03
-5.359011982421658243e-05
9.661259469304576269e-04
-3.571980746507147537e-03
3.630703699860678840e-03
-4.147107104021728434e-03
-1.821204792376197520e-03
3.780090599805127280e-03
-1.742981734158871501e-03
3.036996141400825217e-03
-9.145900628066893842e-04
-1.228040176387497177e-03
-4.486669106590367162e-03
-4.468597566681227484e-03
2.748526879947266362e-03
-4.694497413855908477e-03
-6.939073737707588188e-04
-4.189915254008146767e-03
-1.152676832174407990e-03
1.958760367422998638e-03
2.659488039146654451e-03
-1.389924374474341574e-03
1.786054804247815507e-03
2.369251990523769079e-03
2.354906320091660135e-03
-4.603798933810798744e-03
-2.693130581581004886e-03
6.268663229429816131e-04
1.098722831463895891e-04
3.051380775793369887e-05
2.385872418706556225e-04
-4.692217816974226380e-03
-2.793038814735024963e-03
-3.428006109622374481e-03
-1.581241175936482120e-03
6.015113063348028963e-04
-4.205162704102359018e-03
