-3.183220650235480103e-03
9.319851252004400510e-04
3.178107319094973862e-03
-2.250577463251966000e-03
2.928686492135514421e-03
1.761748826415950910e-03
7.716374305311943932e-04
2.967070706642887037e-03
-2.154788885134668614e-03
-3.755378946726474314e-03
1.942897287323113939e-03
-4.692371359645533709e-03
1.990646168068987976e-03
-1.794061009011494248e-04
2.179376984196993230e-04
-1.890814613647860600e-03
-4.065699414421686947e-03
4.839715387378044215e-03
1.724589399931262916e-03
4.409046579316622250e-03
-1.923131906662018699e-03
-3.065432460429516007e-03
-4.508527000440327483e-03
3.112735777131780956e-03
3.496407380900019846e-03
-1.343454376313760971e-03
-4.555038666050471689e-03
-2.372133582839214619e-03
9.587624745662926690e-04
2.377689565396736045e-03
3.961711339667698187e-03
2.083584732457365897e-03
-9.561347490425475826e-04
-9.639992203454720091e-04
4.455101974728500544e-03
2.915444481411606434e-03
3.050074758058881133e-03
-2.873997387905060166e-03
