3.760834339820041256e-04
-4.548112842786087434e-03
3.998711567549006335e-03
2.365423352995805507e-03
2.572611455434493759e-03
-4.108744898931976711e-03
-4.277765869516983802e-03
4.055279273722022654e-03
-2.755911829724972100e-03
-1.523885691454956656e-03
3.394718819493542164e-03
2.915923692068772902e-03
-1.779522677983273217e-03
-6.949190323311208589e-05
2.946018755108692488e-03
5.962489183743728202e-04
-3.089043706276840915e-03
3.867660822877037538e-03
-4.538022803885194585e-03
-2.215664461028384307e-03
2.166419142838766146e-03
-4.672021484842726023e-03
2.232367524681913226e-03
7.990962152454855055e-04
1.455629404903086704e-03
-4.726923567822793187e-04
-2.474992799906929834e-03
-7.316941137899104011e-04
-2.121627646373969167e-04
-1.476323451099557753e-03
1.477367377326066489e-04
-1.094809710277211152e-03
1.411408286283890971e-03
2.708009074372167216e-03
1.774287158884779725e-03
2.072707066996631355e-03
4.715851560040076884e-03
3.238837736619657251e-04
