1.337215142993943180e-03
4.724191600183688319e-03
2.857177403315803305e-03
1.567022230659177034e-03
-4.327539220405600059e-03
4.416858746992779333e-03
1.388300094995595889e-03
-1.414766568634691010e-03
-1.336300045081376901e-03
4.938406523179152130e-03
-1.412423105659248168e-03
-1.590065830699779244e-03
3.633909010203930853e-03
3.833108387015837781e-03
-4.112219802842534931e-03
2.592439145757607574e-04
2.015443219221489494e-03
2.084338345618773868e-03
4.412186278514980409e-03
3.124885295918365322e-03
6.837870954249153019e-04
3.765973461481681578e-03
-1.510387261925503610e-03
-3.814210109877333530e-03
3.959946647905472975e-03
-4.405321021889489590e-03
-1.084232148268598865e-03
3.394105405105062034e-04
-6.422233205820191901e-04
1.167402099353512940e-03
-3.080136984495013101e-03
-2.107861487148938746e-03
-4.159486329196503823e-03
-1.754914692490002186e-03
7.198494932666478496e-04
-3.193439480641513742e-03
-2.032168315097906963e-04
-1.253022144158470654e-03
