-2.589415340054045112e-04
7.211344951787591190e-04
5.292401765712917081e-04
3.845168868454849204e-03
-3.992975862069952919e-03
-2.990711400730268043e-03
-3.735447818341695869e-03
5.391885555777985173e-04
-1.904434718358525864e-03
1.403974959171645429e-03
-4.815908102128939675e-03
-4.033603800155669342e-04
-4.124731279626262653e-03
4.295260617185634594e-03
-1.091096070458415744e-03
-3.619137234378608670e-03
3.873741874172354285e-03
-1.561963417215056320e-03
3.616372903392239130e-03
-8.347114399914479232e-04
1.936197813790530367e-03
1.203585885145800477e-04
-1.149901105718305686e-03
3.453407951929592795e-03
4.483100989128734060e-03
2.271677917233707981e-03
1.665946600292923623e-03
-1.255896630498339571e-03
4.545941885267718030e-03
-2.456259578093651207e-03
2.698519874770931824e-03
1.608835812063572936e-03
2.604587864587142552e-03
3.701416049421936069e-03
-4.457823441985837333e-03
3.895214725908790684e-04
2.575172931188952040e-03
-3.966849363380825153e-03
