3.649288226136354965e-03
-4.937206039174038552e-03
-7.586625351722036531e-04
1.581460653702451355e-03
-2.437441558485232713e-03
4.251130277745242270e-03
-1.860761850597872791e-03
-2.500901785381516151e-03
-1.526594630355532136e-03
8.042623352424709687e-04
9.597225387631726223e-05
-2.501481244730065917e-03
3.364079417028511404e-03
-1.647260272587654922e-03
2.185427316701465603e-03
-8.922603831650255043e-04
-6.648077502952902049e-04
4.635511907962843944e-03
4.893448163212155491e-03
4.848779336892133224e-03
4.757914750792393774e-03
-4.207232253574987382e-03
2.324035210708819653e-03
1.975116763481060342e-03
-4.909177970214551739e-03
1.764850836286198377e-03
3.832004146219277971e-03
2.980948029750570688e-03
1.447908502343592425e-03
5.836005842180308142e-04
2.209861497803622572e-03
1.201812189059155503e-04
-3.087495196895634342e-03
-2.842061389437287432e-03
-4.334122635803176748e-03
3.635595868688159746e-03
4.061016685226143813e-03
4.660016992600905447e-03
