-3.800862586051497599e-03
3.263092664753412461e-03
-4.316122069305062918e-03
-4.135316301438724668e-03
3.570696870395075398e-03
3.902426851019973747e-03
1.779257380076591094e-04
2.827341957339427059e-04
-5.197649322107198919e-04
1.239205824615676257e-03
-1.598393768327458116e-03
-2.412434437701939122e-03
-1.450097144872748364e-03
-6.019213015508182232e-04
-4.852970878224983908e-03
-3.461807798886521945e-03
4.846850636343064817e-05
4.759366323517918301e-03
-3.972778071173400233e-03
-4.681677917374558670e-03
4.488866880470659265e-03
9.472194917047324983e-04
-1.699679250695976945e-03
-3.205372072109778821e-03
7.423082583768031428e-04
4.016264251474202865e-04
-2.201603566803631267e-03
-3.874716606101356441e-03
-4.716249810683972692e-03
-4.731478199942062805e-03
-2.214321125176410901e-03
-2.738503289624807848e-03
-4.967347379736813603e-03
2.102389890712265744e-03
-1.418802837568318344e-03
-4.258813713463200160e-03
8.884992447782550165e-04
2.042712663661286863e-03
