1.732021409104183077e-03
4.530745898640279462e-03
9.514668740497160548e-04
-8.495837348614695278e-04
4.902842677595307258e-03
-3.958346339407107194e-03
3.956833191091248605e-03
1.423239259091472857e-03
4.622877247429605513e-05
2.340720088939611879e-04
-7.179511950025693062e-04
4.173361880858567075e-03
4.370288962914076550e-03
-3.505151179355812073e-03
1.993077753252408581e-03
2.377019368166463642e-03
5.449770847604229473e-04
4.095182166102597984e-03
-2.587882743946372504e-03
1.773683744224612349e-03
-4.058216766790752328e-03
2.862791461082432598e-03
1.070560071855213534e-03
-4.775394854782932449e-03
-4.128070670337815815e-03
-3.703495095921474980e-03
-8.625681043091604563e-04
4.588896310637248857e-03
3.209275819212993597e-03
-1.374311220826093544e-03
4.134802390592575566e-04
-8.710515197859793057e-04
1.650840553737875638e-03
4.550706531040579414e-03
-2.087456737142050212e-03
1.791080113967781842e-03
-4.876075100540958052e-03
-6.755045694846369131e-04
