4.087397609278694763e-03
3.281957410896176736e-03
4.331849299090742220e-03
2.900061915138826482e-03
3.361225094079062919e-03
2.348399646326922684e-03
-3.699986490839345457e-03
-3.365455637643918838e-03
3.059721317080042399e-03
-1.442923072173009358e-03
3.848649034521235690e-03
1.593814208768125004e-03
1.469316049819737770e-03
-2.666688837625529659e-03
-3.728336017522595851e-03
-2.898373576359313669e-03
2.321786456284512939e-03
1.903292583841336393e-03
1.114864920060175749e-03
1.397535245893762913e-03
-2.444602875246860811e-03
5.998816574312622329e-06
4.113773096952755975e-03
-3.159942403804671777e-03
-1.657606369795072872e-03
-2.188319432668535749e-03
-7.944207463477931386e-04
4.468646005732870505e-03
3.815623773124589280e-03
2.196441639103384295e-03
-2.939971626822284172e-03
-9.176151927692676596e-04
2.928476478216059803e-03
2.276652586845544050e-03
3.100978986766967510e-03
-9.821899055034053957e-04
-4.734054045248718527e-03
1.324804213290124884e-03
