-3.445071370698302854e-04
3.813259203320155249e-03
-2.245586913304446330e-03
-5.546676445835948405e-04
2.657108872752922922e-03
4.800245062653548875e-03
-4.577327496846082464e-03
-2.749290481285328151e-03
-2.360521350309673170e-03
-3.782242384277252276e-03
-2.530290340068874246e-03
-1.365979574523406084e-03
4.709196132512324592e-03
2.516514583704259483e-03
-1.263830945948750395e-03
-3.161426663925457747e-03
1.514254901773337894e-03
1.483016466297448765e-03
-1.896108926313401499e-03
4.035145709973363484e-03
-3.502051594713937767e-03
2.520341484144660721e-03
-1.336140415865748506e-03
-2.331040073095464512e-03
-1.022814427054450324e-03
-7.636937179748837234e-05
2.377567182703614092e-03
4.864392600725334428e-03
1.598713594587666299e-03
-3.535507778205807319e-03
-3.307590775712270035e-03
-3.112270800824132582e-03
-1.585459572419985110e-03
2.985200727540738078e-03
-3.646268825481423486e-03
-1.224199833741962656e-03
5.369015111763887627e-04
-3.090480723476125846e-03
