2.508131022118083656e-04
-3.707546071676357056e-03
-2.112629407846729462e-03
-7.742849765678908730e-04
-7.101848962085752226e-04
-2.618144273274892499e-03
4.988923167670432368e-03
-4.697726442567985022e-03
-2.195612243160957947e-03
2.404980483260680743e-03
-2.555413392340532327e-03
-2.305096103080315519e-03
-3.618427167215159702e-03
-1.352240538462330492e-03
-1.511673940972395325e-03
-2.333752040121995705e-04
4.231016591899547374e-03
-1.508556083727508306e-03
4.784863944901834171e-03
-2.318203826602647025e-03
4.789857542935907833e-03
3.916537452263176011e-03
3.028942801271925292e-03
3.573236045177299869e-03
-1.729662200685426043e-03
-4.145999466318821269e-03
3.043064915588889266e-04
1.806456283923061831e-04
4.465834672624289722e-03
1.972628341322202848e-03
1.036401294438591726e-03
-3.797568505489251015e-03
-3.060305889888736627e-03
-3.774693461802710627e-03
1.406114180336408108e-03
-4.421225235615128951e-03
3.132450926876393510e-03
-4.848476002084453271e-03
