3.733872872616597963e-03
-4.103076060839080073e-03
-4.623518557878783172e-03
4.838679909504485857e-03
1.744488474949815356e-03
-1.887903262587066911e-03
4.150941203445487893e-03
-3.969483289882213065e-03
-1.679238617279731234e-03
2.693590115738400681e-03
-2.622307734085313306e-03
-2.944845570167785136e-03
-3.897671396240362691e-03
-9.800740942290837865e-04
-3.381921634894580891e-03
3.672023022638215908e-03
-4.094678595657690739e-03
3.647252236305076334e-03
1.532722402765879927e-03
-9.453692621710094515e-04
-4.127836448305157065e-03
3.431283879244632212e-04
-3.758884167833421303e-03
-1.986414824460093660e-03
-9.426284782394593609e-05
1.877630429472760230e-03
2.238934422750118482e-03
-1.318219146711274454e-03
-4.210521093274215663e-03
-7.683379029156311643e-04
1.377578559014360805e-03
-5.938125343865384778e-04
1.312259935544678700e-03
2.362261195234120585e-03
3.828332648960196608e-03
-1.978185114302292383e-03
-2.036931631138499173e-03
-2.414359032705364061e-05
