-2.824612920104115077e-03
-3.288898492710218280e-03
-4.526707735930013583e-03
-7.023551890896545177e-04
-2.870932908725935730e-03
-4.297650398549415773e-03
1.821494983591610828e-03
3.872920604927851049e-03
3.810137882190993766e-03
2.394481074695261648e-03
-1.047184977983063071e-03
-9.284079022908887230e-04
3.417997684820019144e-03
1.952099906933433410e-04
-9.405323395997398223e-04
1.282173169532625952e-03
-9.184054786702004411e-04
7.907454401304475286e-04
2.798082412757186416e-03
9.744673191380975874e-04
4.682637377864786246e-03
1.220566498312795727e-03
-3.588001021362884069e-05
-3.533518721696602034e-03
4.421545435190460741e-03
3.740299424248801768e-03
-1.350813775258679489e-03
-2.176470982497135092e-03
-4.527518598343166153e-03
-4.314825675497964419e-03
3.004995747989881727e-03
3.664053107125409686e-03
3.035218524232538573e-03
-2.517291750548916480e-03
4.669358610071084117e-03
-4.705541677519070945e-03
1.475954099955932228e-03
-4.669661387838490788e-04
