2.457865721879354953e-03
-4.733265663946538762e-03
-1.474876960887144123e-03
4.361927286929799183e-03
-6.259958188782107497e-04
1.332763060715659760e-03
8.807486742515423933e-04
1.080850787559328036e-03
1.164240914018433402e-03
-1.785915220032211100e-03
-1.619645792375751670e-03
4.416765413246398486e-03
1.118052317794585374e-03
-1.276071197168953189e-04
-3.210533523505051598e-03
-4.025459908680776785e-03
1.073142032343771778e-03
-1.685205313478719494e-03
2.000219922845291633e-03
-5.626418880027165073e-04
3.758337725748274460e-03
-4.818361061926425964e-03
3.282819486593698682e-03
-3.214173439038950017e-04
1.240983127545803102e-03
1.246989364322100696e-03
3.292354721694142755e-03
-2.774623194339698347e-03
-3.412865976556039328e-03
-4.163355535615349476e-03
-3.677310320989223957e-03
2.215265315873890528e-03
-2.179189084406995928e-03
-4.255413650330780104e-03
3.998336743852054509e-03
3.744575663472443638e-03
2.953842456395787408e-03
-2.835697754379668412e-03
