4.552195079795123833e-03
2.888459934545031110e-03
-1.366841964521798517e-03
1.976639800796778368e-04
2.816403863030182350e-03
4.045437687080011627e-03
2.197452669233270275e-03
4.633696991463700718e-03
3.486427361355494414e-03
4.147748227558865561e-04
2.747341072211851448e-03
3.854598376695442946e-03
-2.335865141286633338e-03
4.783690266758603218e-03
3.798455912761605074e-03
-3.968928216602224911e-03
2.056662281101452779e-03
-3.028253624119208853e-03
1.188720366536481603e-03
-2.996433260400731095e-03
-2.249185872703777633e-03
-3.718502275760687120e-03
-6.624807671763701875e-04
-4.083532088799649018e-03
-2.784568467853283744e-03
2.933387600943524950e-03
2.958397732965066876e-03
1.764496941158669174e-03
4.876719951656642224e-03
8.578717446127087989e-04
7.337781816916105759e-04
-3.876583009335748606e-04
-1.176450673982769226e-03
-6.985192629689399024e-04
2.578435194993582494e-04
3.656470174203500789e-03
1.863729737443725609e-03
-3.663851729660386452e-03
