3.618887045015345069e-03
-1.777613951424074443e-03
-4.111703862455483305e-04
3.170730799116774565e-03
4.426777784020202722e-03
-4.660076410112417959e-03
1.894627661403292668e-03
2.416447888746030281e-03
-1.925569067088905850e-03
-3.912216807742046470e-03
-4.722073778695675891e-03
7.402133821587464704e-04
2.484800704578507199e-03
-8.697406810097970883e-04
-3.601533101153294586e-04
-3.351185831950117752e-03
-3.747867337206739740e-03
4.898834943597546801e-03
1.195360630751240646e-04
4.849294481711410865e-04
4.988691579922436420e-03
4.645606510199750544e-03
2.076210548026435204e-03
-4.749498847335040241e-05
-2.477029088504357872e-03
-1.071143599521649434e-03
-3.868586523898512493e-03
3.619869873324865067e-05
-3.104842171447707612e-03
-4.267695337510080816e-03
1.604540406182327142e-04
4.994691195381041962e-03
-1.999040827912190732e-03
5.644483210016674676e-04
3.346451533982254534e-03
1.179941268676755646e-03
3.472897438659010988e-03
-4.052116091333613987e-03
