3.514843568420959741e-03
3.188796463320707139e-03
1.908781190114931629e-03
3.481461064391117369e-03
2.439094873297863869e-03
-6.534316782673575338e-04
2.987837319142863310e-03
-3.031465574663296664e-03
2.925654381414347777e-03
-4.334958938588595601e-03
-1.112306831707481937e-03
1.183651059206191139e-04
-4.770936573540190961e-03
-1.580092016368637303e-03
-3.612219864305111269e-03
-7.359375256358307443e-04
-9.581445703468454561e-04
3.497123820339079203e-03
-7.144574234234655000e-04
4.286524590828896114e-03
4.514811156063214953e-04
1.023538353910839922e-03
4.193471587660878991e-03
4.990836227573285100e-03
7.624834647978594865e-04
4.608735276457885319e-03
-9.381270132949662277e-05
-4.896505241242911713e-03
-2.394225247768417587e-03
9.507634919597527517e-04
-3.877592963634785700e-03
-4.549884733952794941e-04
1.486564922866027635e-03
-3.567027333867486133e-03
-1.865829178279355960e-03
2.615574428375021070e-03
-4.980365287711579873e-03
3.258500838694037074e-03
