-4.395795287885110800e-03
8.117403754584863809e-04
-6.523232078775491674e-04
1.187215984412069367e-03
-1.589689388279093372e-03
-3.171753140623750737e-03
2.799475179535765648e-03
-2.297731438496793902e-03
-3.469776543551151941e-03
2.575123867551426873e-03
-1.910964892478469838e-03
4.778733653941276416e-03
-4.480796175402155038e-03
2.417333029425850453e-03
-2.487365601220060778e-03
-9.757745649131852397e-04
4.335024702655437129e-03
2.574392404562779110e-03
-4.784039469154665117e-03
-5.788905288927519502e-04
-2.455978788061777881e-03
1.281071336394976057e-04
3.670472495505760699e-03
-1.447796807024559918e-03
-4.514499760905036838e-03
-2.268093067829667769e-04
4.155221890623294473e-03
-2.665575802931314207e-03
-3.637365630373026824e-03
3.855532477646216039e-03
2.850749491973125077e-04
-2.220129110929541533e-03
-3.365375983982529014e-03
-3.493209027221431430e-03
-3.953875536225956791e-03
-4.832416791718140668e-03
1.026144920753567676e-03
-3.117364740824882414e-03
