4.846870098192856274e-03
-1.449126706228533353e-03
2.357294935583202286e-03
-1.276528996490485044e-03
-1.852906485866728011e-03
2.651712862615377211e-03
2.908868367472797201e-06
1.980171832192903318e-03
1.321566196939146128e-03
-2.009831552862103871e-03
-5.047720092284189303e-04
-3.582586851561919521e-03
-3.788245512141751297e-03
3.235582464954351797e-03
2.263521178140961293e-04
-4.849586920011942845e-03
-1.852206190867616755e-03
-5.199007961393421751e-04
3.250981531493677204e-03
4.700309677639796443e-03
-1.336956648613790537e-03
-2.059205696419641723e-03
3.072506225884849909e-03
-3.831933905496079200e-03
2.462912788981841058e-03
-5.267218028289768691e-04
-1.513120961882618871e-03
3.015138954904536192e-03
4.315957540771202597e-03
1.758540513611070617e-03
5.141471054126191265e-04
3.176321523656894935e-03
4.840082780290244635e-03
-2.441126401310213852e-03
-4.539546205043373979e-03
-1.057126290382051984e-04
1.535259068188418209e-03
9.611871988784298493e-05
