-2.178120510861608627e-04
3.063938081713823633e-03
-4.447526550496354487e-03
-3.890763430390456988e-03
3.027489591442882044e-03
-4.583594308470896259e-03
4.010922009994293685e-04
-4.625854435683245981e-03
-4.633852467723752894e-04
4.705824256616390408e-03
4.579935772529606514e-03
-4.636076002528181049e-03
4.850683140774848107e-03
-3.817148749928967258e-03
-4.350710568308826902e-03
-4.739790888361426757e-04
2.950822365284948637e-03
-2.041601183964728960e-03
-4.028948710377424497e-03
-7.030979448015978184e-05
3.119402828559081006e-04
-1.577276929311765847e-03
1.234892964841001819e-03
-2.767692878202519368e-03
-1.983059785148734780e-04
-3.293042249055540011e-03
4.508106960023374604e-03
4.281673062997726556e-03
1.764954236654433031e-03
-4.206566314796211792e-03
1.163378696269425430e-03
-4.611216108867615890e-03
-3.881334580051513505e-03
-4.155606881713606697e-03
-3.881948358499383474e-03
3.565886376588212753e-04
4.246936605823852656e-03
2.273981061898951682e-03
