1.819664629269109393e-03
-4.225594207655589823e-03
4.922933332398649400e-03
-1.052703897739510654e-03
3.285029281785593197e-03
-3.659516862337340668e-03
2.393882212199833180e-03
2.038066144148509805e-03
-4.116826602523175963e-03
2.241538870419930961e-03
-4.005804746000946742e-03
-2.158370893557667695e-03
1.446956009909734601e-03
9.797994761659911331e-04
3.989816586099427867e-03
2.287126632150486907e-03
-3.833965722356334413e-03
-3.554347549112555141e-03
-3.143639485773164471e-03
-2.903908198155427580e-03
3.136550153678186598e-03
-5.881839113364411425e-04
-1.577651363233983483e-03
-3.709825520454205702e-03
2.636227171152427835e-03
-4.116653581338324333e-03
4.657651682863205717e-03
-9.030134428306578129e-04
-2.463482064849479430e-03
-1.011644592006023108e-03
-4.054643337126581995e-03
2.922485615986772714e-03
-2.397022823308660785e-03
-2.385496806397110949e-03
-1.322676507713985931e-03
3.624764287115101596e-03
-2.428263454867225866e-03
4.782418596033323477e-03
