-1.705428860565699149e-03
-3.791398539845009484e-03
-3.087019048559078507e-03
2.711456082406563453e-03
4.709077619576453391e-03
3.987437472609061187e-03
-2.175457756799709704e-03
3.167512060432019563e-03
2.251258361408858474e-03
4.889097628813694058e-03
4.519677368691101677e-04
-4.422280946233361418e-03
3.186928305101812200e-04
1.352901019807738019e-03
2.061696289653899838e-03
-4.262710194386575696e-03
-1.729311729345602445e-03
-2.351844817600381131e-03
4.907971068807271200e-03
2.132422568559501699e-03
-1.590934485677745862e-03
-2.225431847051572484e-03
-1.480869862159511861e-03
2.791404722498900051e-04
4.730727412515216973e-03
1.954974978732879412e-04
4.375416916416142651e-03
4.452988152367481217e-04
-4.874260525354077132e-03
1.231903245451179685e-03
-1.688437064600349907e-03
2.659653964087108427e-03
3.448484285346702788e-03
-4.105163248792714943e-03
-1.592265620630587547e-03
-4.213136163592073186e-03
4.358005817297942730e-03
1.146222759551562831e-04
