-2.761635631890082924e-03
-4.799420092673470015e-03
-1.681737028396064568e-03
-4.001192916551039695e-03
-4.101424450782814070e-03
-9.516873694803600417e-04
-5.378817481661805205e-04
-4.557725100450256937e-03
1.980265746020276954e-03
-7.584517458024877395e-04
-3.172992788027486927e-03
2.475928818289842639e-03
2.769312126154264454e-03
-4.073241514918490673e-03
3.215035015201967925e-03
-3.321561510476747896e-03
4.867672371459384056e-03
-3.576813294867803219e-03
-2.077621989269644049e-03
-3.831982166370463683e-04
-3.310842353631496086e-03
1.882120179726798695e-03
1.654507831744492230e-03
2.740312166535663688e-03
3.369450389447701047e-03
3.112644276854183156e-03
-2.103612595604356563e-03
2.469185475271621147e-04
4.857685433087195054e-03
1.253654868189151526e-03
-1.983451703689903013e-03
-3.145393035087386355e-03
-4.061442212540511409e-03
-3.433596390222573569e-03
-1.102755302303299115e-03
-2.209640215730235887e-03
2.574548968667357551e-03
6.892221168096623884e-04
