2.015003267448666965e-03
9.800589537011907340e-04
-6.225799778249172314e-04
-1.434753660240235731e-03
8.843689849345748311e-04
3.319114489006572827e-03
1.061546679896423900e-03
-1.000116841419757333e-03
-4.632119305927815713e-03
5.387869577504981328e-04
3.004597795263439647e-04
-3.426702561653267084e-03
2.347169692320447143e-03
-4.213693490111654512e-03
2.811443324983135296e-03
2.252178456982646682e-03
6.023968175118844109e-04
-2.622089780159758167e-03
4.349611819448500130e-03
3.208858963379862192e-03
2.629680616801364015e-03
6.626735374714500665e-04
-6.350649972013868577e-04
-1.054705193289777812e-03
-4.144415385233871096e-04
-4.954913361994670376e-03
1.480478642522696855e-04
2.418883080623247805e-03
1.008669294852842895e-03
7.958895486764178129e-05
1.703967522653187031e-03
-1.682102094642876858e-03
1.012475196017622800e-04
-4.915843010435192242e-03
-2.983365758341649000e-03
-1.336720414013701369e-03
4.611972902498397836e-04
2.438063679763916025e-03
