2.326598627380859971e-03
9.223197807649002183e-04
-4.831029105368791522e-03
-1.645174080804424031e-03
2.763007911986057469e-03
-4.389226486938794386e-03
-4.542297575246383341e-03
-3.187168292682141316e-03
4.278234634357109059e-03
2.859153090899449121e-03
3.476654205191024791e-03
-1.851363489258495663e-03
2.617739048306412693e-03
1.962578972545632981e-03
2.121056247155957662e-03
-3.443959099398295060e-03
-1.561831726455806604e-03
3.876621705736780013e-03
4.013156324759717744e-03
4.606173157006274166e-03
2.809697978428999168e-03
-4.790615696504211748e-03
1.374563385267178056e-03
-2.366541509594505266e-03
-4.321494472088337549e-03
3.724602020417060871e-03
-3.213033995923494403e-03
-1.298267383009747266e-03
-9.394492470186765337e-04
5.610622788142817507e-04
3.836282817305350021e-03
4.233513053579884833e-03
-3.276126906304298401e-03
-1.450270137317149870e-03
-3.314093393882143208e-03
-1.692062419702433217e-03
3.208177245729972385e-04
2.114654800527129494e-04
