-2.336758009975862561e-03
7.453608229692852000e-04
2.476177130500524862e-04
-3.359902999386389730e-03
3.385142690986206460e-03
-2.554025706173687366e-03
-2.862950311884772305e-03
-3.976894047787461403e-03
8.910060392437572918e-04
-1.248116776745352569e-05
-2.828295625763076106e-03
-2.481666953661406782e-03
-2.913040068402109484e-03
1.932260909091943098e-03
-3.166429674476407569e-03
-7.909735053697811158e-05
-3.774616881385139955e-03
3.444190292647248200e-03
-5.405675707591825821e-04
-1.289180024744641245e-03
5.388701844139288932e-04
-9.192779893007953923e-05
2.042408141586065685e-03
3.984554926092646540e-03
-3.986810503149460817e-03
-2.093162543528569782e-03
2.855739592966810569e-03
-1.159887280097686435e-03
4.512567937597244949e-03
-2.016671148609984390e-03
4.278389858476498719e-03
3.213077081941101421e-03
-4.549474037476714840e-03
-4.430068422145819716e-03
-7.290822047931059049e-04
2.791734130620347580e-03
-4.920323752729216515e-03
2.916882420612483193e-03
