4.021704654315087432e-04
-2.608080892142886943e-03
3.711972431685511137e-03
-4.380241153948752179e-03
-4.494024386942615211e-03
4.218161782822802894e-03
4.347704615914216308e-03
2.795923045863713506e-03
3.124074410499227614e-03
2.342622737932211797e-03
4.956462098851064507e-03
2.027744190261220568e-03
4.906985926564405923e-03
-4.089657279038837190e-03
-5.020058456761565188e-04
7.685050692528561100e-04
-4.848005216367965060e-03
1.119026403680545116e-03
-4.481831438438990331e-04
1.177008891659494724e-03
3.033524888191687849e-03
4.742081839452187003e-03
3.113811588671609037e-03
-4.559558579005367970e-03
-2.328295892544456069e-03
-4.017935108415509465e-03
1.208527935102308992e-04
-4.079253037902420484e-03
4.608474240628674529e-03
-2.435532903630215160e-03
3.441718733664392987e-03
-1.303339300888228108e-03
-3.700274927539132230e-03
1.034380514368838863e-03
-1.525092776788222314e-03
1.762754461618609714e-03
-4.243869039372545962e-04
-7.306704443315985287e-05
