7.250772745265501168e-04
-1.095998298870819523e-03
-2.169358075228926958e-03
-1.260274633113700818e-03
-2.159610544985258486e-03
2.929211151471386790e-03
-4.998500868231247653e-03
1.064813840265757539e-03
1.576680064876730299e-03
-3.812755046628034904e-03
2.849669034407390986e-03
4.622839473378489300e-03
4.073048795122824473e-03
1.757753199283485467e-03
2.963972018103857436e-03
-1.318190111009512246e-03
-4.287478429229532075e-03
-4.906058458898721573e-03
-2.456318481857271401e-03
-6.152816495983851400e-04
4.609197354274117628e-03
-2.009762622515436775e-05
3.429391178937084284e-03
3.141790371836462870e-06
-3.318577433288468978e-04
-4.029749853737855589e-04
2.201808191592282381e-03
4.123452125856363198e-03
4.227869409876485601e-03
6.551822157380019288e-04
-3.331658960125528923e-03
2.547983417476504080e-03
-2.103300759714228814e-03
-4.359902875067815653e-03
1.042282787361795832e-04
-4.347864114735933323e-03
-4.299731899039046547e-03
3.880121718191437141e-03
