3.109089995150348187e-03
3.658913977143919347e-04
6.694280006189811186e-04
-2.590248103260569222e-03
-4.277750790785262228e-03
-3.910319977880940059e-03
3.740028931538633833e-04
-2.185560856889017661e-03
-4.597120722869634489e-03
-1.087263202150199996e-03
-6.772543402884419195e-04
1.640128772877825353e-03
-3.524171358133562290e-03
2.676823728656464209e-03
-3.403730409469350564e-03
-1.390910692649754803e-03
-4.255113664172527344e-03
-3.994068255565160971e-04
1.386683077672957141e-03
-3.933176366203067903e-03
2.194419185557451753e-03
4.851469694144296477e-03
4.239414842191488800e-04
9.411736679712547071e-04
-1.306902568376733676e-03
-1.544821667849302811e-03
1.997088200713930881e-03
-2.302626338255219732e-03
-3.869909895706167592e-03
9.416277585256316307e-04
-3.760529081771036425e-03
4.585400626139631355e-03
-4.924972994068270958e-03
-2.209665372556208086e-03
4.984432978115110185e-03
-1.692200959897442389e-04
-4.226985811911084315e-03
3.472808270104718945e-03
