3.749398938896423422e-04
2.675456184097617027e-03
1.761074698700017607e-03
1.334094386013843364e-03
-2.725957461950307206e-04
1.126065136882055048e-03
-2.233663533310878847e-03
-2.493532467447184386e-03
3.663855699507416117e-03
2.185681020786412604e-04
-8.853369563228017866e-04
1.904208867606392228e-03
4.648124154658515167e-03
-3.232950139925142713e-03
3.663523504698330130e-03
-3.597733140318098814e-03
1.613637275713161734e-03
1.984149563889958320e-03
8.746268906566836976e-04
4.126124264045717693e-03
-7.018116691982238461e-04
1.437729297735350700e-03
-4.156699002572254720e-03
-4.897887427284469165e-03
3.531703722341600349e-03
-2.611882600244246067e-03
3.725902326955065139e-03
-3.783137878866981146e-03
-1.528987785080115815e-03
-4.953233949157222898e-03
1.151661509652080959e-04
2.593843978001552329e-03
-2.032521961722433702e-03
1.304851298802369233e-03
-2.956741613869880853e-04
4.562767806269097184e-04
-9.702064805059921332e-04
-1.438666253568175041e-03
