-2.591178854788664301e-03
1.447790582678943304e-03
1.048183043905572161e-03
3.874661236749054119e-03
1.072383277050371897e-03
1.575917580664144835e-03
-3.439085818238469313e-03
6.407807589616665994e-04
3.161275519036450821e-03
-4.535587240157246298e-03
-2.110634031960704603e-03
-4.623299798788308053e-03
-5.632092249579206261e-04
2.156362746264071581e-03
-1.340030203965551781e-03
1.142874287794883731e-03
-2.879074504619535957e-03
-4.630706283505704214e-03
-3.074572136319122032e-04
3.988093589947092760e-03
1.392107582413778730e-03
7.762365659062034351e-04
2.891667238000696083e-03
2.540513166978440943e-04
4.967619791575448793e-03
2.420379704726752929e-03
-4.715818315318094645e-03
1.975318900219908379e-03
3.188049506834340213e-03
-2.069301891056226587e-03
3.471743995752786874e-03
-3.964418506125918021e-03
4.059628345411066958e-03
1.576057140807515453e-03
-1.441702490214186953e-03
-4.642718263879883761e-03
3.947669601322966251e-03
-3.856871997285265651e-03
