4.604687981135769520e-03
1.691741041857141095e-03
-3.504712186902566445e-04
-1.906380148486542560e-03
-7.328576532074099897e-05
4.933427911236843572e-03
-1.880432586792672636e-03
-3.644184005603162864e-03
6.776439799228871005e-04
-4.193524388816007725e-03
-4.854780497432415083e-03
3.154804480370353506e-03
-1.945664028622441383e-03
-4.664423043154324738e-03
4.468387984140858096e-03
4.769704607516781283e-03
-2.552394538207801607e-03
2.285132886324325180e-03
1.740970363858842899e-03
6.175479034542978932e-04
-4.589913107058228754e-03
3.134910326133069636e-04
1.893405392071689265e-03
-1.685779315201016860e-03
1.958525273564041234e-03
2.748816031939511212e-03
3.387458406817183548e-03
-4.141074128441331152e-03
1.075993673536049765e-03
2.163051052703477903e-03
-8.449342507279265779e-05
-2.376253400525465270e-03
4.415753046799697490e-03
-1.988849986772873047e-03
-4.063307186102405565e-03
-6.003655810137096399e-05
-2.149557580657602152e-03
2.281245231667534436e-03
