1.402139965235430809e-03
3.935066184385521693e-03
2.779158315178751476e-03
-2.969964987758919647e-03
-3.311544848718172597e-03
-5.628594885742025516e-05
1.279426195362354073e-03
-4.306870202430708450e-03
2.898123321762409096e-03
-3.462514430004161488e-03
3.584064247181896132e-03
4.321210616100806465e-03
4.212942003540581792e-03
1.294034504530413437e-03
1.625240942369690113e-03
3.510027893469885515e-03
-3.820617328435546231e-03
-4.188379420199529572e-03
-3.907709515015874227e-03
3.566885810153474362e-03
-2.520635716812876653e-03
-3.911329871230150371e-03
1.320424046531059985e-03
1.182408810234493457e-03
3.256818986970872951e-03
7.780417369530681637e-04
1.862055018735892659e-03
-3.515741702050488235e-03
7.403408195532246855e-04
-2.080389767966548190e-03
-3.629790152191835449e-03
5.690248319176350461e-04
-2.678871252647869843e-03
-5.590996571934936030e-04
-3.514571725024041426e-03
-2.451414644447215060e-03
3.520729435801660603e-03
-3.613695140311961370e-03
