-7.875115486236016968e-04
3.527245111396716537e-03
-4.803896029291278812e-03
-4.481913807490377211e-03
1.496622990537992311e-03
-3.734929208104177233e-03
2.958698269252605512e-03
4.988357109528777228e-03
-3.330300435893203057e-04
2.908266361142025636e-03
3.969776203701109313e-03
-3.833317829340145318e-03
-3.745827917324384606e-03
1.575193256706732166e-03
4.715615545218097490e-03
2.210053344438815161e-03
-1.518150824574864780e-03
-3.721079411644832770e-03
2.937269329170710819e-03
2.335095333928252810e-03
-1.362633667585418182e-03
-4.867398572979704692e-03
2.772492654919174980e-03
3.060072412281235679e-03
1.157835160363261152e-03
-3.731483664608662223e-03
2.783408009390236221e-03
-4.797146303881520170e-03
9.346504519204389821e-04
4.397702664053825677e-03
-4.212744375269623573e-03
4.670847486835574131e-04
-3.214723197162377196e-03
-3.845688299661061474e-03
-1.452201117616996190e-03
4.443107463594952317e-03
-2.967667253725232018e-03
-3.086637364947963924e-04
