1.624020958036661612e-03
2.840097950692396095e-03
1.644140551036084481e-03
-1.689271931996766223e-03
3.961181482769034201e-03
-3.182624397245969843e-03
-1.414716810165813233e-03
-1.158909553699165144e-03
1.146455621216850747e-03
3.368097857101119696e-04
-1.230944773606460884e-03
-3.153807142066401403e-03
-2.849098663705675483e-03
5.979886761529641659e-04
-4.970344550395787778e-03
-2.163090451175735986e-03
8.460928387641264078e-04
4.208129088095292902e-03
2.384592660038296202e-03
-8.995978817304059461e-04
7.628111765738887148e-04
5.614163631528310688e-04
2.474906442410560251e-03
1.055664584282704245e-03
3.571329205359824455e-03
4.924674401860663214e-03
4.809118710043500805e-03
-4.282267388804376039e-03
4.660900355253206132e-03
-1.096633310914114836e-03
-3.792442582021616701e-03
3.345216584548147548e-03
-3.669515301788695526e-03
-3.156874206188338156e-03
2.616389548490471138e-03
9.098297136585220546e-04
1.758937205226664136e-03
2.987481749457884805e-04
