-6.269277093784685062e-04
-2.473289634843762238e-03
-2.761922954568760396e-03
4.596482004481256337e-03
-6.210424219104159274e-04
3.510397027819594021e-03
4.478378775475798032e-03
-1.259058714910109376e-03
2.636355765609542726e-04
3.435949947841918442e-03
3.010449368887986241e-03
-3.970960455993381016e-03
-2.619601495271568162e-03
-2.770524908287707970e-03
-2.202094794829355037e-03
-3.280406733471295452e-03
-1.186992024153456140e-03
-9.801844919720501675e-04
9.243197123460656500e-04
2.537035708931388404e-03
-8.380032736623787074e-04
1.500763853006237269e-03
3.575522213890134152e-03
3.638876298979291934e-05
-3.291638414023627390e-03
1.009340549467420411e-03
-1.700012134520552561e-03
3.463352202562823556e-03
-3.246101747402587237e-03
3.142995588554266945e-03
2.344988513200697323e-03
1.702561692566500681e-03
-4.355099102985819821e-03
1.274275496889508766e-03
-3.587170162387587520e-03
3.150348353918815125e-03
-1.092333244777917572e-03
2.968377694801287159e-03
