-6.577980916551663323e-04
-3.046858135663537640e-03
1.442642849340970874e-03
8.811525537597234697e-04
4.123336072819953207e-03
-1.743968599593407730e-03
-4.069088336969695421e-03
1.373612033550566588e-04
4.731265914946325424e-03
2.541644259236272227e-03
-2.502017447658909551e-03
-3.286125387922246392e-03
-2.179489524980742637e-03
2.274127637424986845e-04
1.444974399152250226e-03
2.688970843560338497e-03
1.336224462629475966e-03
1.508768496761897851e-03
-4.063191113461787560e-03
4.686754703581149512e-03
-3.930268428737311928e-04
-1.002656203695501645e-03
1.297667857704590255e-03
3.762745022641660747e-03
2.868519826377851495e-03
7.839828316392322138e-05
2.497952050947699516e-03
2.913397699249031803e-03
-1.084188794762916755e-03
-1.820752363517794559e-03
2.140729235199829300e-03
-1.344818207498897633e-03
3.623840809184042389e-03
1.869587256739364822e-03
-1.883199423337118296e-03
3.567204868715340149e-03
4.575085331336282632e-03
8.616864824539617260e-04
