-3.036705393792102012e-03
1.052603910434035499e-03
4.261389949233165136e-03
-3.634926424363540964e-04
-1.944297585236432445e-03
-2.520796041497383282e-03
2.895784651874106982e-03
-1.464674713432302829e-03
2.861888991129098864e-03
-2.536412763744765389e-03
4.049063591522513578e-03
6.299085261496440227e-04
-3.354020279506210803e-03
2.944935451715225208e-03
-6.485544953315266342e-04
-9.211932187654890691e-04
-4.641281302720373647e-06
-5.921268215858454739e-04
-4.261427997800472378e-03
3.496774067689004811e-03
3.123061425054434251e-03
4.590688090292517273e-03
3.090973782993654620e-03
4.130895934926008886e-03
-2.076229683592637973e-03
-4.454315932755912796e-03
3.781720334847707421e-03
-8.854568101265393801e-04
-2.130693010693397900e-03
-3.386921432706780331e-03
-2.369477266306188948e-04
-9.343425563790508023e-04
-1.916087270875214965e-03
-7.242870812729671967e-04
-4.051561122927430786e-04
1.998447922518772728e-03
-2.282990542353434231e-03
-1.288242392100283438e-03
