1.579410451070854988e-03
4.772988739365317812e-03
-3.107390676132550794e-03
-3.065740403720099844e-04
-4.984626355804016272e-03
-2.710835378231556299e-03
-3.226088745880368105e-03
-3.266867610397612351e-04
4.476187146041131840e-03
3.045699682003220193e-03
3.326415978233151702e-03
-4.885724265578571431e-03
2.061162137501511109e-03
2.539895830654489116e-03
-2.945903505041169192e-03
-1.440545077293157658e-03
-1.292164338216826667e-03
4.522007144502494802e-03
-3.664774928620878093e-03
1.327404919430610550e-04
-2.818959585505027930e-03
1.538544319568127365e-03
-4.727735251437476145e-03
3.217270866392301157e-03
-4.680038553581631136e-03
-4.385668602329863622e-03
2.518621180580653263e-04
1.608668485359174456e-03
-4.812457376979916920e-03
4.674489382724576411e-03
2.631255954854445391e-03
-1.749857961651710148e-04
4.433888122502595286e-03
-3.622578119154371695e-04
1.691026208263939935e-03
1.416267173711995876e-03
4.007736544855110272e-03
1.118439817093645067e-03
