4.292327213991685778e-04
1.542278279641967793e-03
3.399378346548631580e-03
-4.699451517044421489e-03
4.460883742193125223e-03
-2.056029385604646320e-05
2.645280455356636799e-03
4.415032565585414598e-03
-3.985926280957813317e-03
-6.530493357962434062e-04
4.457267853129364896e-03
2.136485214354201523e-03
2.565460396048395778e-03
1.977683007799125106e-03
3.923840947647872987e-03
4.038415470342841124e-03
8.660045420997566565e-04
3.799996771720413197e-03
-1.075834081588106401e-03
3.852486935507892091e-03
3.641754446452200381e-03
-4.152447505503795155e-03
-6.800607875621965739e-04
-1.463817572264816333e-03
-2.310631449221633472e-03
-3.183909718808888671e-03
4.299766246565724440e-03
9.563250828774011794e-04
5.576333822852564889e-04
4.856490511631565005e-03
1.544074651832687967e-03
-4.009169736589607812e-03
4.652913331370120420e-03
-3.823825339382142929e-03
3.693979029820871479e-03
3.044020250756097890e-03
-3.867339332043928830e-03
5.798964972810573618e-04
