4.628877203048609168e-03
-1.604468718970045345e-03
2.205089898196341443e-03
-3.341515375518315425e-03
-4.003686344160446893e-03
-2.175622896636109863e-03
-1.800251692000964018e-03
3.292957485227518757e-04
-2.636526396379139728e-03
-4.604241689134640214e-03
2.188432020126646581e-03
1.136557833127984848e-03
-3.589794179109437669e-03
3.696101585631184419e-03
-1.276310592099527946e-03
1.031140335015837822e-03
2.885137815182155577e-03
3.297315288218817184e-03
4.626640897724425619e-03
1.966748550593690366e-03
1.088064567961486567e-03
4.290265582904398065e-04
-1.816797643253523567e-03
4.024955836652877386e-03
3.129471629450283551e-03
-3.659763943451525142e-03
4.086459292795295573e-03
1.401985040009427752e-04
-3.085508771851179152e-03
2.931142110365637932e-03
-2.241776201637248576e-03
2.317371529162941257e-03
4.615646023099278725e-04
-1.006403063594382696e-03
-2.492452529627252680e-03
-1.424781634135497549e-03
-3.225180942413245766e-03
-4.360945852447909755e-03
