-2.364378272237406108e-03
1.948687568165807099e-04
-3.047840325560709045e-03
3.389092665121990269e-03
1.834912238829889200e-03
3.693050568777916931e-03
-4.158673767560278241e-03
-4.795457191708339673e-03
2.205584081767998639e-03
-2.185537803247080378e-03
-1.713956484393347468e-04
-2.853192376932229841e-03
3.763119261502136451e-03
4.761287873608577303e-03
-4.395161377193663316e-04
-1.169216085983186115e-03
3.407791012055494048e-03
4.785213185475541142e-03
-1.307260411548155556e-03
-4.738452984212809110e-03
9.255985719902205117e-04
2.802995332983520063e-04
-1.856371257377686761e-03
2.022227104965776227e-03
-4.353565342029150007e-04
-6.559530142716905182e-04
4.216449047543707404e-03
3.127688502555143329e-03
-1.868121642318195091e-03
3.947936032287739302e-03
-1.900489970898472294e-03
1.146753395798734421e-03
-3.836636510946149145e-03
3.250184328304676559e-03
-3.118839400431516057e-03
2.856141275268866270e-03
4.759227962895155525e-03
-1.853281418303086205e-03
