-3.887143572337233184e-03
-1.660199777575126906e-03
2.901042610637512287e-03
-1.006632471262623903e-03
2.991113295781503562e-03
4.959544445387754213e-03
3.095417660029490745e-03
-3.434878543190708275e-03
1.352191918210852821e-03
-2.497190974575228938e-03
3.070264479843726885e-03
2.052236795187551040e-03
-3.415154373897881946e-03
-5.718405597694804429e-04
-3.841863486011892238e-03
-4.483977894070901617e-03
-2.970337130991543978e-03
-4.470528691821705480e-04
4.616907619500522017e-03
1.003354590457106524e-03
5.059122203880739646e-04
-3.605367660079805865e-03
-2.866116001927859064e-03
-2.719582032112644911e-03
-2.985694724429911132e-03
-1.114129077310580841e-03
-4.768293147359101321e-03
-1.852950279352534504e-03
-6.701264818340310625e-04
-1.273491890770404780e-03
7.975793429946869892e-04
1.928659796945455043e-04
-4.583928354862511906e-03
2.793603564433974791e-03
-4.197372632834698268e-03
-4.994592921822608653e-04
-1.507308950907890362e-03
-2.275698860294196602e-03
