-1.447212018040860276e-03
3.101007641019075736e-03
4.024929649630529932e-04
-3.268420755730765473e-03
3.792315951188491782e-03
4.234818619100778891e-04
3.241882360501312579e-04
-6.591885087308766572e-04
-4.706957723120228955e-03
-3.214714389206344697e-04
-1.490549068586056840e-03
-1.086985505479770402e-03
-7.600457724807390888e-04
-2.944282310638977537e-03
4.190793393078234841e-03
-4.719230013253125633e-03
-9.966412226782477360e-04
-3.068683127204222851e-03
4.435624370047314829e-03
2.943060661019056279e-03
-4.882933842482225367e-03
-3.376811772502615657e-03
3.232905933126762818e-03
-2.589873539497794443e-03
-1.806923445505577083e-03
1.273843620526592980e-03
-2.746486639425157160e-03
4.802624549403109941e-03
-1.887667667250876504e-03
4.486475215667168337e-03
2.664257044344671768e-03
2.195864956788702582e-03
1.930625421422509785e-03
2.473130758579133136e-03
-2.548884761121985275e-03
-2.608722875223708128e-03
-4.628599622276272779e-03
7.206999850946967795e-05
