1.499521032660321683e-03
-1.247833732749012783e-03
-2.015243414019000836e-03
-3.956178096462597757e-03
-8.610198148942026578e-04
-3.341424590594311260e-03
-3.477410443175383767e-03
2.519450668074007041e-04
-3.424313570080113767e-03
-3.705273215014904566e-03
-4.316011347951188501e-04
3.975462261870644012e-03
-4.905886812855920522e-03
-2.811743466872634097e-03
1.464309746487093070e-03
1.007843457128798810e-03
-7.226164656044878343e-04
-2.431854670663169318e-03
8.311419657393440477e-04
1.617677063868571546e-04
4.396259147175351351e-04
-2.516218642028444485e-03
3.828695677959181864e-03
1.579135163976236843e-03
-2.733080873465766874e-03
-4.199695151224293321e-03
-3.076466553294159544e-03
-3.741036008835272025e-03
3.301775539503292584e-04
4.768884755954461499e-03
6.344143770820563633e-05
9.579442587515198462e-04
-3.738113413766101616e-03
6.081317290930008529e-04
-4.292013397564343330e-03
1.735057958450469083e-03
-2.245842517212038886e-03
8.248819199849774866e-04
