-1.452872759649778429e-03
-9.515685610946081341e-04
4.870502161285853240e-03
3.253696241020715904e-03
3.204192802195729786e-03
-3.146650629293371720e-03
3.024659545460255811e-03
1.284558812609777959e-03
-2.786044050247327240e-03
8.511749443015160024e-04
3.088042522635173898e-03
-3.141329943781425837e-03
-1.568465410639236814e-03
1.057420333799192168e-03
1.772577556939090339e-03
-1.072290765188001552e-03
4.837791082083533686e-03
-3.634375857961490500e-03
1.660037443716806844e-03
2.194585421711190039e-03
-2.389026083387971698e-03
3.325142551571048932e-03
3.315578944751334037e-03
3.283452537848381356e-03
-3.383755309897330029e-03
-2.986897080292155379e-04
-2.971959577373223162e-03
-2.461781310267994148e-03
-3.003027873395914746e-03
-1.370465863194765196e-04
1.445008862786925467e-03
-2.656235966577448569e-03
-1.348542208546959099e-03
1.135580027337044703e-04
4.932929839088582430e-03
6.563967671751446548e-04
-3.688021477158191959e-03
-4.741920544746929152e-03
