1.912831502630872073e-03
8.341415733444691727e-04
-3.936569910922395679e-04
4.316097967329643112e-03
-3.374671768000978012e-03
-1.191111703530613880e-03
2.579866753937623373e-03
2.020087260823603438e-03
-3.137585343179858689e-03
-3.429403690442740880e-03
-1.300369573824754210e-03
1.004739532361221231e-03
-3.319593713702571024e-03
-4.979339879754086581e-03
-2.745573877256365924e-03
1.884539510891144673e-04
-1.390383947895684931e-03
2.575415681527488260e-03
3.849140116124562250e-03
-4.570110246080254755e-03
1.134064449650340999e-03
-5.439728816574711939e-04
-4.633318317487996815e-03
2.469203353707465770e-03
-2.361789827519913260e-03
-3.552734911789597484e-03
-9.994285828150368048e-04
-3.368753059692391159e-03
4.951602661988635176e-03
-1.985584643144668038e-05
-4.638819159229194689e-03
-1.087279412377460328e-04
-3.921936179733694072e-05
-3.763158305119763611e-04
2.589363772814390514e-03
4.192301920204940732e-03
2.059733781118839105e-03
-3.134914343499897726e-03
