3.451890656858188494e-04
3.017660460221203295e-03
-1.029463789359951961e-03
-1.742794237798930054e-03
2.392805018919951995e-03
-4.060868172333956597e-03
-1.720601706263420131e-03
4.185853316841974328e-04
3.040359887250848603e-03
2.723531956462459103e-03
2.943228384712330559e-03
1.860094729934287996e-03
1.253854972935386329e-03
-3.656875032843464463e-04
-2.598009382574500373e-03
7.941863697937178931e-04
3.713432488238011669e-03
4.036761467972120945e-03
-3.004213540420881158e-03
3.302227999669572409e-03
-4.446225034837769652e-03
-1.091432820776083203e-03
2.852263347303179986e-03
-3.924165681099459242e-03
-4.174222261352886383e-03
-1.450840730254027502e-04
4.330656439118235265e-03
4.273577711599377271e-03
3.529664976641960078e-03
-2.710687467679236736e-03
-4.476604370588320794e-03
-1.440518416612979365e-03
2.596316922899973012e-03
-2.402800349297171990e-03
-3.763308672356141613e-03
-3.240154526678288953e-03
4.381428666121881324e-04
3.556073906768032061e-03
