-7.049508145430382483e-04
4.902921935330834674e-03
-3.284212260687471505e-03
-3.641490857153115678e-03
-4.254729414734564029e-03
-1.004555086498172198e-03
-4.881866748342837681e-03
4.782677183572291851e-03
4.017889927659576074e-03
1.952956957595839912e-03
-4.204577149030920558e-03
2.651676395329263629e-03
-4.691329220376331058e-03
-3.171261186104608158e-03
-8.276256003421963298e-04
1.440725712252953136e-03
-1.670800589959616379e-03
-6.260137009497417429e-04
-9.351331036825645884e-04
-1.956364684414712337e-03
3.905129825269434626e-03
6.702767977884074163e-05
-4.272056984447575312e-03
-2.422469741378027556e-03
-5.998751271010047820e-04
-1.520960429936441070e-03
-2.932359755632644831e-03
-1.750243074690748663e-03
8.036887823116272561e-04
3.465164178004844983e-03
-4.662722694364192233e-03
-1.541575222616534038e-03
-1.356162665095128443e-03
-1.874441537580792509e-03
-3.355536609973252572e-03
1.205352044020567386e-03
7.371751193463874433e-04
2.501650994135937861e-04
