-2.241151799367135673e-03
4.684969416686026594e-03
-2.517237756037614752e-04
-4.579016432141422462e-03
-2.093543756272846224e-04
2.867626405490134381e-03
3.838795651430229952e-03
1.686619136678466600e-03
-3.654322143741328514e-03
4.612348494350552303e-03
-3.723314146006058943e-03
5.096246174192157682e-04
-3.507766725842414654e-04
-3.499496255206582373e-03
2.836592118214863872e-03
3.861978899939531168e-03
4.305535954437861301e-03
4.418394615541660145e-03
1.993330817727118412e-03
-3.387171986374569281e-03
3.252505358257710977e-03
6.224141924993202568e-04
4.727074976239942564e-03
-3.550411660819732980e-03
-8.183293868171933119e-04
-2.983671883325057870e-03
-3.660766491191189912e-03
8.091336152574526985e-04
-2.904348384446744577e-03
-2.825065554162679588e-03
3.564765846830107027e-03
-4.553581992857483850e-03
3.096386803728205100e-03
3.729500503478165585e-04
-2.507462068774011024e-03
4.521706812911727852e-03
-1.346626963438938944e-03
5.090409913704021030e-04
