-4.131292006257268092e-03
-2.013441414070926347e-04
-2.212314722978343806e-03
4.285247791108205695e-03
1.638866378883991996e-03
9.514771857741478531e-04
4.549714346687961167e-03
-1.145374304780741662e-03
1.029647862525327057e-03
-1.545881757200572460e-03
2.462591624366726809e-03
3.911607116086183306e-03
7.373186552350977779e-04
-3.308086714521203502e-03
1.103499187733752128e-03
-2.687490635397694373e-03
-5.433253763215675422e-04
-4.300865193849151211e-03
3.887346078384571260e-03
-3.241805651692314209e-03
-4.714724160421770484e-03
-3.995989890282353185e-03
-4.048544079303776494e-03
4.350151405835656765e-03
-1.707090049906648775e-03
4.531551111354415254e-03
-6.782027337139690665e-04
3.213805041635030627e-04
3.595632084948136714e-03
1.682000394623438429e-03
-1.876597771352023734e-03
4.949120999557424239e-03
-2.363889206605020513e-03
2.860475220726054965e-03
-6.479399831760277242e-04
2.693433612846616622e-03
3.119098337198386237e-03
-2.923707209441461785e-03
