1.364089437646502125e-03
-1.703310108014398621e-03
-4.586816969550576613e-03
2.032775779517072105e-03
1.399779852691307620e-03
-2.824353514792578290e-03
2.478768820349505457e-03
3.295916642220975482e-03
4.306791790725385261e-03
-2.219869408345924965e-03
-4.929794075448371872e-03
-3.010141302930270744e-03
2.865315955871007569e-03
2.978638987535229404e-03
-5.455089798143269997e-05
1.874477523148351289e-03
-3.589795602611360777e-03
-4.687520449689477203e-03
-3.613031531421008816e-03
3.367263117300504927e-04
2.207455700085399035e-03
4.910842641727954094e-03
-1.607170022716727584e-04
-1.616727213791595199e-03
-3.464303070579926626e-03
-1.442878575551059372e-03
-4.501517205944273806e-03
1.439585401761525260e-03
2.091946863035725260e-03
-3.820108333802886818e-03
-8.578646368072795000e-04
-7.274640756914432793e-04
-3.448513859034491383e-03
1.961409132390365927e-03
-1.744035210738616344e-03
-4.376270715011282633e-03
-3.054677310616051109e-03
-3.167179680963068920e-03
