5.967190327893648685e-04
-3.692587036734215275e-03
-8.495820989573429557e-04
2.688054242514541052e-03
4.561819091746969340e-03
-1.538581860267233987e-03
-8.353211794441817162e-04
1.366216650697814165e-03
2.662244178499224324e-03
3.682008747620760941e-04
1.573951804210008999e-03
-4.818384666670783023e-04
-1.581042458648526227e-03
4.658765454139618747e-03
-3.663863131681459849e-03
-3.486417481431581134e-03
-4.608480906093170848e-03
4.191505010053782343e-03
1.638791705634287665e-03
4.747306651566501889e-03
1.257859524903611956e-03
-1.705276788976891993e-03
2.426464816084750696e-03
-5.325534416269449289e-04
-4.979964196939774303e-03
3.925464997648857660e-03
-1.348407875331718818e-03
-2.539987943310538249e-03
4.293749555239491020e-03
2.854215944460497881e-03
-2.838409840719085565e-03
1.429300797504523893e-03
1.966940833954555073e-03
2.071794824242260448e-03
-2.279885323321017253e-03
1.428055285674031429e-03
3.709206341875038310e-03
-4.398658590849531362e-03
