3.196549481446304616e-03
2.612980269389724927e-03
2.038521953066334789e-03
-2.042356729596598360e-03
-2.557134653331539446e-03
-4.005618273995796390e-03
3.671130333292216621e-03
-7.525913892912836078e-04
-2.905220587332009441e-03
-3.419951917488955970e-03
-2.197511656165069844e-03
-2.979238490695648115e-03
7.829958173653662340e-04
-9.435826010149393067e-04
-4.307273345507979349e-03
1.714176653826537597e-03
4.893820689273908897e-03
2.632772482990689347e-04
8.152062001551265910e-04
-3.918130277118896110e-03
2.551820861284971077e-03
-3.947688167648922934e-03
-4.572472590934257425e-03
1.644983938829445644e-03
-1.120928282004239607e-03
-4.828509057300160202e-03
3.724516373141414233e-03
2.608817528847679444e-03
-3.951327202135635625e-03
-6.589171142371589782e-04
2.787247000681781529e-03
-1.229011201460517445e-03
-4.984531227445688530e-03
9.516453674054447046e-04
1.868226296885240958e-03
1.386848735678666844e-03
-2.460184092757899694e-03
2.782225278239755170e-03
