-3.835202543905946986e-03
1.600068632859067731e-03
4.724679342128753137e-03
-4.323020298960101801e-03
2.176960880753643982e-03
-4.141267744400513144e-03
4.030601106650417639e-03
2.455840767722114112e-03
-1.972142531922262392e-03
2.085088543858492661e-03
7.283293080565071687e-04
1.695139344432524189e-04
-4.451791927887653946e-03
3.041101083036724245e-03
4.897212802493550524e-03
-1.927472806283422359e-03
-2.856244871956420232e-03
-2.288665095630615896e-03
-3.997102626644607505e-03
-1.002918251143588776e-03
3.368176070409015926e-03
-3.250147247755323307e-04
-4.219307565779741899e-03
-4.018693390152056760e-03
-1.468494039235049980e-03
9.004158770137549173e-04
-1.549205800215633019e-03
-2.482555097516685270e-03
2.418379624458497947e-03
4.345826595747248958e-03
3.871555374223956125e-03
4.395603045846170273e-03
-4.417339278300952757e-03
1.095235477476672742e-03
4.073710028184825485e-03
3.931700037194700223e-03
1.332540824213508321e-03
1.395701593063494207e-03
