4.140882784945294770e-03
4.799666785391794310e-03
2.286420571761880842e-03
1.894057096251106249e-03
-3.947118295949396394e-03
4.731141539714817448e-03
1.444268173264506329e-03
-2.950508377528690725e-03
4.256835996360897045e-03
-4.667687058343402383e-03
-5.903179936927547417e-04
3.118840116381931329e-04
9.867670509234455212e-05
4.733434771218627060e-03
1.231357413297631126e-03
3.567384991714019765e-03
-8.772522860601853281e-04
1.383886140058980009e-03
-4.575668546936790745e-03
2.903751472570237704e-03
-2.337159256804410314e-03
-7.307885198639769639e-04
1.437949472744746125e-03
2.189217108001686833e-03
2.614937677362754766e-03
-1.390934281495222885e-03
2.421464920924019243e-04
-1.037023531295616641e-03
-2.312037239510409195e-03
-2.245262415378649918e-03
-3.445072903380202653e-03
-2.595441372133991138e-03
-2.993186481992395325e-03
-3.209254844601566563e-03
2.481932516629425066e-03
-1.000622147452633059e-03
-4.720692480837608736e-03
4.455966959322670354e-03
