-3.606579090509630554e-03
2.150612460609104340e-03
3.960294688059926363e-03
-2.131858397351001858e-03
-1.069083719361027529e-03
1.822881819971175314e-03
3.755762973662039178e-03
-1.516674899929416551e-03
1.942672791959985761e-03
1.666924692720227717e-03
-6.491646067510034243e-04
4.110134216923235981e-03
1.290863145440377356e-03
2.753127632447808712e-03
-3.720128172236109986e-03
2.111257529660926294e-04
4.264751935063156030e-03
1.971893581248059836e-03
-3.487835830300619819e-03
-4.433391853037130584e-03
-1.655054558975336491e-03
-3.551859270454043368e-03
4.601273885578084297e-03
-2.297107139564210504e-03
2.533660060564038238e-03
-2.633087002123848074e-03
3.360242475842817669e-03
-4.864725401659977279e-03
-1.265154586524176554e-03
-3.615007049591031311e-03
-1.858583337329352408e-03
-3.098534522963440792e-03
1.235159792885909269e-03
-4.137801450059918999e-03
4.399108811893601492e-04
3.096978999873286828e-03
2.501272089003308760e-03
-3.713837097371021183e-03
