2.847199923081010844e-03
-1.132544266386369645e-03
-3.905573386155551836e-03
-2.364611590015905460e-03
4.197793351618777508e-03
-5.204899061393474316e-04
1.587384455848223595e-03
4.534606534207173342e-03
-4.000356837704418037e-03
-2.675026059851886955e-03
1.311769596524302132e-03
-1.485546484471030049e-03
-1.815106879936960460e-03
-2.794844473856327761e-03
2.599394638780279203e-03
1.178310684653004550e-03
-3.319169052920917934e-03
-2.919021948424836872e-03
3.054503617155483047e-03
-1.500529481369295565e-03
-4.088616956806332726e-03
-4.558704806969351812e-03
-1.834858894226601162e-03
2.685641132449862606e-03
4.505755075601960633e-03
4.379758923327165682e-03
-3.162205444148492688e-03
3.029417151255665505e-03
-4.699089157786784550e-03
8.100869606025538905e-04
1.095177728809518941e-03
3.388392731093816182e-03
-3.166384794326564979e-03
-2.981251536532522270e-03
-5.781191478729727495e-04
3.438745626313167991e-03
3.739068836551073111e-03
4.261363838528089629e-03
