-8.086859379059698621e-04
1.365478623511697832e-03
2.532842179246487004e-03
-3.651853979376856567e-03
4.299213144324817368e-03
-3.069393447567924683e-03
3.322566690242990256e-03
1.440868306332399214e-03
2.431675974758512951e-03
4.517349053550088339e-03
2.075167156962869942e-03
1.502417318768893041e-03
2.670060018937711784e-03
3.274837325021678902e-03
-2.625859721678914897e-03
-1.665658709315127016e-03
-4.659679764554764021e-03
3.464642372923799896e-03
4.380689998510940708e-03
-4.195833560400843293e-03
3.717332030253379938e-03
4.242729012766816021e-03
-2.364101815576842569e-03
-2.322314903481050626e-03
-3.930345651243625886e-03
3.850645973312603887e-03
1.905184000777740590e-03
-4.724325683354174167e-03
-9.397045475908593487e-05
2.338541868390804114e-03
1.450216075382314805e-03
-4.582693062682670349e-03
3.152805003448602358e-03
-2.349902110773810331e-03
-1.038011399800331004e-03
2.252740355672810252e-03
-1.461731733566512190e-03
-1.407054341923505165e-03
