3.223575942553198043e-03
-7.365293809952046591e-04
-3.898514692749718326e-03
-1.781569232115869702e-03
-1.967828086537873680e-03
-1.750258877635354777e-03
-4.661793103300130615e-03
1.030651113039328381e-03
-3.073607092890189366e-03
-1.370234680931573835e-03
2.306348954047486577e-03
-3.250001008479970824e-03
-2.938733794451444531e-03
-7.852173600451303748e-04
-3.798195144854043560e-03
1.498027665142939724e-04
2.918654566637021719e-04
-1.180272649798529225e-03
2.325586953910767363e-03
4.199102978937512345e-03
-7.288397268182594466e-04
-4.601932785653627643e-03
2.419354120440577946e-03
1.505296127519673358e-03
-3.132409271260089539e-03
-4.173314358132058748e-03
-4.370569640702341371e-03
-2.508147170408914911e-03
-1.225269294144297645e-03
-6.874458978503514284e-04
-3.831342451400722524e-03
4.425510317759969933e-04
-1.245220850166098552e-03
-2.452736456986735411e-03
-2.861412070055966480e-03
8.660688364086214022e-04
2.267149222342655993e-03
2.384527290756629711e-03
