4.014860416476586161e-03
-4.015467166001604818e-03
-2.344591810577638467e-03
-4.230551637730269564e-03
-1.979542991754313589e-03
2.164982818621862329e-04
6.518296716898188195e-04
4.078359704149294579e-03
4.227078255481244232e-03
-1.163103221585319504e-03
9.363334136825362738e-04
-3.186667931148558230e-03
3.061208560730530742e-03
-2.741773808273630184e-03
-1.206736588895582392e-03
3.216047468295110678e-03
2.141491457673463938e-03
-1.009995092029204213e-03
5.699299846926931049e-04
4.499697278057298092e-03
-4.688234546356512440e-03
3.988357953681579554e-03
3.330227922776946708e-03
-2.248216134955413528e-03
-2.231341204846907633e-03
3.617332937664757483e-03
8.833469794646189172e-04
-3.197303644600826139e-03
-1.378678747546917965e-03
4.872927039494857893e-05
-4.384301802121998333e-03
4.776468917859894719e-03
-2.652753177124578341e-03
4.021720332889819338e-04
-4.706320872831452895e-03
-7.179658267161721785e-04
-2.618833127820815662e-04
-2.990985260535967191e-03
