4.165901010216771505e-03
-3.962511886905035682e-04
9.434936945596815797e-04
-1.969642527625296499e-04
-2.481884883825336442e-03
-1.376202806004625436e-03
3.980311460044200916e-03
-9.628323353017978828e-04
2.784312869383201439e-03
1.989570214376297497e-03
-2.282806832548485952e-03
4.445122299564971055e-03
-2.591793846190033196e-03
3.320034260514659677e-03
9.309098501140969026e-04
4.786815114749955885e-03
-3.707950584102163993e-03
-1.322196723088420612e-03
3.443402737482876771e-03
1.413402562109648992e-03
3.789680298880927084e-03
3.650642656616721882e-03
-4.753244671181036315e-03
-2.907534492763466996e-03
-1.155473825044986066e-03
2.485100799822718975e-03
4.570367726250728485e-03
-1.088728475709471559e-03
1.867587181253292303e-03
-1.379063598726979704e-03
4.651379190290724774e-03
3.975751105573738578e-03
-1.721695408833977606e-04
3.612412903512855419e-03
3.371164606268265904e-03
3.918516054655070760e-03
4.865796475726011025e-03
-4.582055302275673918e-03
