1.638436632870025542e-03
-1.528566881680709210e-03
-2.701540757060172469e-03
-1.039130467355326402e-03
-4.147162992172714890e-04
-4.229472040138233628e-03
-3.006457801292410168e-03
-1.921694177646983328e-03
2.544512916743150652e-03
-3.152053342357371332e-03
1.731074404144414963e-04
-4.291090660484770183e-04
4.272392611604875975e-03
-2.920664809276286942e-03
-4.149949322562389992e-03
1.907164026954049491e-03
-3.380171640121060282e-03
1.322555634400550753e-03
-4.006741608339556109e-03
2.210082335516735420e-03
1.845458223982838694e-03
-4.510875517776831954e-03
-1.458982999324961050e-03
2.226626803497736007e-03
1.019333910252686465e-03
-6.875090994092857011e-04
-4.544118034488319954e-03
-4.621449817302929891e-03
1.611604919056461999e-03
-2.516449104923693461e-03
-2.607546026209256202e-03
-2.312747189385235339e-03
3.887787288958810192e-03
-1.271552810047980094e-03
2.873640607895395702e-03
2.427022424658292071e-03
-3.897859483331342877e-03
4.693981034422166354e-03
