2.593623111976309931e-03
1.567366268309318064e-03
-1.015315546389253427e-03
3.512848009049066023e-03
9.341874214496750234e-04
6.728643177702922987e-04
-1.308276350085378799e-03
-2.757763580454958285e-03
-4.387325529771918253e-03
-2.321107246625607728e-03
-3.900521177146021486e-03
-3.399333533773161563e-03
4.517801859788360408e-03
-3.969975987364589114e-03
3.327406056669562906e-03
1.328868750037305244e-03
-4.931401611988101875e-03
3.804568410515962729e-03
3.243569725007101195e-03
4.252627790444713299e-03
3.515703821865766646e-03
3.708041822465342821e-03
-4.673084064915934699e-04
-2.652418926768893102e-03
-7.936180975491565273e-04
-3.118582049696947897e-04
-8.363257870521818502e-04
-3.221853503278240480e-04
3.560994088633735385e-03
4.468304024483194317e-03
-1.273005302458130820e-03
4.165352000742875149e-03
1.455911022433410869e-03
3.293448156444857972e-03
-1.653204853163245044e-04
-4.670200912680827834e-03
2.319064457334925160e-03
-1.932609319558009457e-03
