8.668867213337053124e-04
4.579744235806291336e-03
3.922452015031394415e-03
-4.291646318810177566e-03
3.634917731122131249e-03
4.849313806714118311e-03
-3.777491205683902210e-03
-1.103630308627865427e-03
-1.559828894505397787e-03
-3.491813269909729844e-04
-4.439055438857053906e-03
-4.363889833151427325e-03
1.357999688895052473e-03
-2.549443703917882945e-03
4.727363759901011958e-03
2.313540114944253982e-03
2.209697309634973961e-03
-3.086372633279138751e-03
-3.197642121860468437e-03
4.772859704141369300e-03
3.170461468992032128e-03
3.959935964470423161e-03
4.350031715323620513e-03
-4.438358153669112044e-04
-3.826258249637252192e-03
-2.730013052240364696e-03
4.753023797863216784e-03
4.387428459464930153e-03
-2.206610000549568979e-03
-3.834062642777917758e-03
-9.143529608941934270e-04
1.397133259551299779e-03
-1.073338808056496785e-03
-1.290886235413153584e-03
-1.207513627458927166e-03
3.466537398530330702e-03
3.195909407899774970e-03
1.299238948481960809e-04
