3.043308978612760049e-03
3.465246634731347294e-03
4.943657534857403765e-03
6.740800824108113265e-05
-3.454166474523948181e-03
1.074873098487321224e-03
8.485986954138461866e-04
-2.346861290160197084e-03
3.986299526421700073e-03
2.556466706500757496e-03
-3.096778127698885004e-03
-8.147679936291746944e-04
-2.263369340782140672e-03
2.700869939640136372e-04
-3.425161433873597124e-03
-4.649404879668977628e-03
4.123287283927820276e-03
4.939714811977401546e-03
-9.589577807760521835e-04
1.836662198108639926e-03
-2.414387042714878119e-03
4.257701758055008542e-03
-2.815578943153514493e-03
-2.029620248065767355e-03
-4.258239645507223663e-03
4.633388328251766483e-04
4.587334187466065444e-03
3.955012861838001076e-04
2.908502247927526041e-04
-4.401322660834550322e-03
-2.595563681517225416e-03
-1.888255104065967790e-03
3.320917243463641227e-03
-4.475436229188246677e-03
-2.317336026571201104e-03
1.635609520714691525e-03
2.883166184407181740e-04
1.476777948667499889e-03
