1.017140296208998013e-03
-4.641983568719562463e-03
-9.309157265794398839e-04
1.047366631818885500e-03
2.974460208433506517e-03
-4.342859580813113012e-03
4.381247901716194340e-03
-4.726943125782020159e-03
1.834526405902269647e-03
-1.300927272809035244e-03
4.072275661433524471e-03
4.765155920151767366e-05
-3.113182796770828497e-03
2.323078245607977654e-03
-3.266020615384264501e-03
1.720415280378048348e-04
1.687419294750212850e-04
4.442561887480517280e-03
4.864212415828964714e-03
2.889972740610983332e-03
4.188652350031990546e-03
-3.303717049548474116e-03
2.276244827257394715e-03
2.124514111402982415e-03
1.261355707141557578e-03
3.800474192902726644e-03
4.980734517699796776e-03
-3.977185025111640466e-03
4.644491800470232357e-03
-5.141951696333805361e-05
-3.929391011778704708e-03
1.561130415106810020e-03
9.762661028208706807e-04
4.820298767232760601e-03
4.748224277135261462e-03
3.966386894863227486e-03
-9.831258094160303523e-04
1.540901536003004904e-03
