-4.286464233702479490e-03
-7.905724329333122663e-05
3.232492940965798339e-05
1.500728978492221061e-03
8.102085802637005660e-04
1.388585979839628178e-03
-1.220502111176604860e-03
3.533402162317031067e-03
3.920166173113278155e-03
3.379469066147691020e-03
4.643744388636824108e-03
-3.993860572961881183e-03
4.546733788106847862e-03
1.380064355706375236e-03
-4.829920115589465650e-03
2.658005519588143087e-03
-3.419862141231562978e-03
-7.325041200074277475e-04
-3.726057219304494336e-03
7.628709716858330520e-04
-3.811026291055221067e-03
1.869669242662783983e-03
2.943194606896381779e-03
2.884968975104460626e-03
-1.980681861506301822e-03
2.663073650543092662e-03
-3.551438023380439589e-03
-4.654816544494786053e-03
-3.072230131677768095e-03
4.923459733926013535e-03
3.242082117481198678e-03
2.607178624809729055e-03
-1.220964393017845429e-04
-1.885659053101609080e-03
4.293246130065037428e-03
-4.131394942009817411e-03
4.318233634090251974e-03
-1.673832058762245601e-03
