2.877808058853020476e-03
4.733284058975526648e-03
-1.962628852061475311e-03
-1.985152666196217559e-03
4.158733162088489727e-03
2.488421763135281739e-03
-2.845513027843922516e-03
-2.827313360357131856e-03
8.215931747404267918e-04
3.099639504336625800e-03
2.374111259323474082e-03
-3.048247058479872443e-04
-4.822066844702477956e-03
1.003568225577573803e-03
4.146880839443409239e-05
-1.004547257001461510e-03
4.206351591566263523e-03
2.370129711791110760e-03
4.200956377257711663e-04
-1.924785072889532989e-05
-3.706558804183489320e-03
4.387886629079242387e-03
4.914218877836041416e-03
3.635454738015648363e-03
-4.726067713795540498e-03
1.619683293227693228e-03
-3.254717091717511043e-03
-3.319860832988074349e-03
3.003549101584573541e-03
-4.782971125696349607e-03
-1.645148460143837886e-03
-4.880401743460245981e-03
2.721522049707188542e-03
2.641881633583536768e-03
2.836726385932344593e-03
1.108509732165290779e-03
3.761732449471420422e-03
4.488868832256527608e-03
