-1.889556845604004488e-03
-1.516232315576835667e-03
-2.083666487420394921e-03
-2.395168166163147514e-03
-4.239914452695488743e-03
-4.884414561736361536e-03
-3.359122109928502475e-03
-3.243323281914429514e-03
1.068891584282392199e-03
-3.069246774652027721e-03
-2.454365973474525835e-03
-1.891054118506192358e-03
-3.538782390550256497e-03
3.542309601103965644e-03
-4.334038403354909495e-03
-3.375236580482417117e-03
-2.165173991277686508e-03
-1.868945452016233365e-03
-2.693649700836202223e-03
-1.028200926009724576e-03
2.677732885046561588e-03
1.144049885978729031e-03
4.040520155227612584e-03
1.026027255894913434e-03
3.173274400353471095e-03
2.189551338105768727e-03
-4.112965589864831135e-03
-9.991646491253709447e-04
-4.729916110229681094e-03
1.534146487506202194e-03
4.956766703338801733e-03
-3.213833201119185683e-03
3.910293251294025968e-03
3.232063590593671487e-03
1.425840429413994213e-03
-5.549486336559172200e-04
4.403807107318699968e-03
4.827162693321800438e-04
