-1.854660386862865256e-03
2.040272793756856343e-04
3.451194008011861450e-04
-2.739609805249549387e-03
3.861626004383741581e-03
4.776038717208734921e-03
3.046821120384592824e-03
-3.859219985306668391e-03
4.963841400553477626e-03
-4.474009716006184176e-03
-1.085275051134925416e-03
3.402970892341610279e-03
-4.265526768742924739e-03
-2.941396658078087450e-04
-2.090871575301127272e-03
-1.726500461217294995e-03
2.921594482736154449e-03
8.082457723843482905e-04
-3.035076997274647678e-03
-4.237735664410235449e-03
-1.717809488136534928e-03
-2.824914037930531963e-03
-1.101160574213805310e-04
-4.220628693406188944e-03
-6.190144532957500903e-04
-3.266204068410917538e-04
8.498394533566410933e-04
-2.870376650548678733e-03
3.220522063290395462e-04
3.958456676585432599e-03
2.990510054093108508e-03
1.906342026330327781e-03
-3.349036651584981397e-03
2.883827995311215656e-03
3.809179950597301606e-03
-2.291446011412751321e-03
-8.487564357134401438e-04
-3.478577768955324820e-03
