-3.053245542174785540e-03
-3.479224659350592733e-03
3.442259682996174838e-03
-3.345016497116708176e-04
-3.544243762039014228e-03
4.526671799705518293e-03
1.527583390312422899e-03
8.782557735548968819e-04
3.359044152977648176e-03
-2.765925551225876383e-04
1.471469916098843041e-03
-2.047425730523124484e-03
1.161382605150242282e-03
-3.856416937324923938e-04
-3.325840781892773663e-03
3.956886938639367357e-03
-2.918489754244930207e-03
-2.260580915658053167e-03
4.930202104412143710e-03
-3.482298830158977575e-03
-1.195445715178496994e-03
2.016964795525657932e-03
4.525892554412182939e-04
-1.402256712081453860e-04
-3.014523075400368530e-03
-1.128548779377294524e-03
2.598168830602059880e-03
3.423256913315450567e-03
-2.577259298867911035e-03
2.469760464197080611e-03
-2.155278071652030284e-03
-3.439124589437951140e-03
-1.464409735766720403e-03
-1.635989279093560782e-03
3.034117972558548690e-03
1.825373184731463559e-03
3.375295402241887746e-04
1.082376304815410237e-03
