-1.048430712635682605e-04
2.857862834058248758e-03
-4.294406340572508307e-04
2.631167376404748744e-03
2.706835515847833516e-03
2.021560543879948393e-03
-3.046328589999605652e-04
-2.245039755470571406e-03
-2.576814864048174343e-03
-1.609287827707275593e-03
4.671572073381707532e-03
-8.806216475305160205e-04
-2.799397907622524356e-03
-1.535746890173813727e-03
1.574907749143574821e-03
-1.352754874293140772e-03
4.737970161097598137e-03
3.658713106429912695e-03
-1.469073979160092410e-03
-6.532077407038500844e-04
4.884867418171111655e-03
4.985784928768027813e-03
1.338028261196965753e-03
6.703260285329248891e-04
-7.269975771866457603e-04
3.994899880307089049e-03
-2.784145830049109330e-03
2.262825579301676500e-03
1.308374166917460057e-03
5.952267348946754105e-05
-1.791400318723745597e-03
1.987756785018656228e-03
7.898998687898509813e-04
8.998391155919825343e-04
3.551083171568257882e-04
-2.997378655533538671e-03
-7.013643331697620720e-04
2.158760884733515635e-03
