-4.713313942961952670e-03
-1.965589423742267194e-04
3.341870661251607547e-03
2.376596269881043645e-03
7.010805654048849964e-04
6.261565617871039241e-04
-3.191161367069266126e-03
-2.255163842398360836e-03
-4.801480849617452244e-03
1.933127472240384580e-03
1.199480589437610864e-03
1.759943959478624947e-03
-1.273426196616097780e-03
-2.362084018462327125e-03
4.025427152730347291e-03
2.946778936430563892e-03
3.819176822499345189e-03
3.201957946261943869e-04
2.242257952704351277e-03
6.278506213982246523e-04
7.025868061305163420e-04
3.480242737980820261e-03
-4.376241357805447062e-03
2.873455239954657292e-03
1.498500671133573027e-03
-4.707748782881994790e-03
1.615218329109954429e-03
1.208914725956185092e-03
1.529823700233422928e-03
-2.175961462062801343e-03
-1.193791567230702982e-03
-6.414290371373806282e-04
-4.388410598068462516e-03
4.855893588448479195e-03
1.385913338618153384e-04
4.971625817806302194e-03
-1.382819113649283536e-03
1.216896069924975829e-03
