-7.402675539769816571e-04
-3.094351804353506503e-03
-2.922392224418830960e-03
-2.471686960114149491e-03
4.332263125225298273e-03
1.466321347269360434e-04
3.893130300658406012e-03
-1.027572384409909320e-03
3.300240148584968405e-03
2.994832196192771454e-03
3.945001623952028996e-03
3.466433565664376118e-04
-1.031609246451984860e-03
3.129796689234902451e-03
4.385643935709220009e-03
8.600534954280956296e-04
3.571882202019812519e-04
3.958502344920421245e-03
4.979071818046723955e-03
1.224741484145746608e-03
-1.042899452096029793e-03
-3.921436680019317264e-04
6.662037291770978031e-04
-3.021883230216322515e-03
1.337817086614837524e-03
1.516655279021465220e-03
-2.696382733421062803e-03
3.795464670768236223e-03
2.909585205022002102e-03
1.819695292437188694e-04
-5.261477454125132111e-04
-7.729081811350454329e-04
1.280221363005855199e-03
1.356972561786884933e-03
-7.748664951682153815e-04
-4.012440317921717528e-03
1.747786025024366564e-03
-2.928237685367544169e-04
