-2.720624693449030882e-03
-3.014583388407799346e-03
3.899331347423646080e-03
1.061332333332514269e-03
-4.585099111036123470e-03
2.822817351204143926e-03
3.515678117026419316e-03
-4.078558686386040376e-03
-1.932210080292382295e-04
2.364995092806195832e-03
1.485809342498359796e-03
4.287796841275181431e-03
3.254983030813743405e-03
-1.825168982213827475e-03
4.509041140211075480e-03
3.834485332417314485e-03
-2.104544421497154746e-03
-1.724280961897344238e-03
3.514576263406284790e-03
1.924498275974318232e-03
1.105232325261578351e-03
1.462380945132043912e-03
3.741216485829302468e-04
-4.916240041919791096e-03
4.551831241045453669e-03
-7.946987294964388826e-04
-2.986427630248785717e-03
-1.622125017968882761e-03
1.480693835549169723e-03
-4.829339724590347126e-03
-4.227384810504886993e-03
-3.402742149803312816e-03
4.040550217796423649e-03
-1.606870661704494409e-03
1.320537432747541026e-03
4.159742167190543655e-03
4.886719103321911228e-04
-2.523003441615493531e-03
