9.914190829856481951e-04
2.530521779452137368e-03
1.367572918060606761e-03
4.821201321237355078e-03
3.256931038003079218e-03
-1.120009982810127053e-03
-2.525564848510552293e-03
2.590992531654209667e-03
3.108309277591045708e-04
-4.976419082326113963e-03
-1.938455378007452982e-03
-1.151145822819756893e-03
-3.329147829962113975e-04
3.620290203595954298e-03
-3.571796916222248590e-03
2.624572364100839252e-03
1.018615556133024673e-03
-5.315687428998133388e-04
-5.942622995114346662e-04
-3.428427229251698304e-03
4.822859073191977305e-03
1.037952488542139007e-03
2.572417544599159625e-03
-4.429698519699983711e-03
6.245620484846385601e-04
-2.907729283319379198e-03
5.535729395710750275e-04
-1.360185012878109469e-03
4.345326157278124601e-03
4.006843328975367297e-03
-2.712521417562193012e-03
1.926826623085871500e-03
4.919071262204919789e-03
4.778916951255414089e-03
-1.187880802312513400e-03
-2.444898933650231383e-03
4.211412421413337701e-03
-2.028641197767772943e-03
