-4.463919249217723068e-03
-1.389204415855095805e-03
-4.859213383455292939e-03
-3.782937338455160704e-03
-1.500540442189978070e-03
4.153833666190535900e-03
-4.199149425070538774e-03
-1.534219714913035316e-03
-6.042966934732300552e-04
-1.047810543750401190e-03
-4.624413691238424967e-03
-6.618012415564381024e-04
-4.006380742467067352e-03
3.782717732866851951e-03
-2.773401436405234424e-03
-4.346656913146296382e-03
3.688641403771583324e-03
1.702941434763093932e-03
-1.114626397612328550e-03
-2.181967539407100518e-03
4.018383006373759531e-04
3.026655657175223585e-03
-3.946194337370399069e-03
-7.436919739800566462e-04
-3.747613267164268472e-04
-2.652383955901568315e-03
3.601640783249719993e-04
-4.245224401503571408e-03
8.776054384196617375e-04
-2.106666103744830529e-03
-4.116608022656908367e-03
2.280223473533092571e-03
-4.326736848201929997e-03
-5.262891519171222082e-05
5.871853621355902289e-04
5.434973092731196914e-04
-3.037191423885525054e-03
-1.825675527300524986e-03
