1.980636949402157614e-03
-2.765618658450633496e-03
-1.134297286566649139e-03
-2.215988124465557985e-03
-3.788519526712742606e-03
-1.286836842177306161e-03
-3.648799200158195453e-03
-8.019392046539281296e-04
5.054906300365653860e-05
-1.349832826498484697e-03
-3.385119250378118214e-03
2.829170328206037643e-03
4.431526537914396921e-03
-1.269940556470290204e-03
-7.010328161031007671e-04
-4.902797939405902430e-03
1.307086258627325123e-03
-4.849639310305156777e-03
2.150337985697846691e-03
-1.210423505825796581e-03
-1.941724187719909636e-03
-1.356879467922997295e-04
3.990789478153745559e-03
1.498123963140552198e-03
-1.242422761044702922e-03
3.459289153199700262e-03
3.267904500358145836e-03
-2.439012730852944521e-03
1.665668657017940410e-03
-1.213037790893141919e-03
4.060350198001286270e-03
-3.305976483304918188e-03
-1.831916492821917663e-03
3.375265912660546652e-05
1.808701764513832681e-03
1.936572962762009124e-03
5.684921391708374835e-04
6.356189587467695953e-04
