2.788065098787056821e-03
-1.731746913983088585e-03
3.620592944335193977e-03
4.435857982909949260e-03
2.245910400870404847e-03
4.510523043235905097e-03
-2.991922407387560476e-03
4.109892275196921213e-03
1.522338505055629947e-03
-5.251301255885607727e-04
3.438534205300667126e-03
-7.307654268195080960e-04
-5.340044580343459441e-04
4.182222034647482128e-03
1.082794711951055172e-03
1.789277465405484692e-03
-2.330782597792008162e-03
-2.959888045491672857e-03
3.634887299591216259e-03
-2.540139786651064453e-03
4.468725988614094882e-03
-4.978582523594740107e-03
6.358015668923924779e-04
2.488282468583510182e-04
-2.411739420279766268e-03
2.139441808929260121e-03
-1.294199265247725911e-03
3.871909342703700255e-03
1.908072299488857565e-04
4.312211329590871778e-03
4.398241607036433923e-03
-2.032296238703993046e-03
3.490171912026959408e-03
-1.245862335843448028e-03
-4.881535757248612988e-03
2.136437477705696759e-03
6.659236488589306835e-04
-3.450531031668346935e-03
