1.669424994800874570e-03
-3.845559392134733235e-03
-2.800126862874318875e-04
-1.723183479961738849e-03
-6.827365832778797480e-04
2.363525338015841880e-03
-2.694863913184800813e-03
3.973982836394548274e-03
-6.782290938714078538e-04
-1.999990184255181960e-03
3.278144547042043805e-03
2.013391885685744155e-03
-3.455266525452174633e-03
-2.078317571747078599e-03
2.375150569547076519e-03
4.251571300477085050e-03
-2.220266341161567566e-03
1.059714255988159284e-03
4.348064462530130958e-04
-3.410741433392219368e-03
1.645248705390360902e-03
3.246570494042758798e-03
-1.638386832714638485e-03
-1.648390632525536300e-03
-4.756019464890059827e-03
-3.896655555509219524e-03
-3.713357363677310518e-03
4.228141603502369103e-03
3.958958233171244734e-03
3.024075982884301059e-03
-1.360283362475828324e-03
-2.867688363168703625e-03
2.284062977466981385e-03
-2.187398207763755972e-04
4.144987489448704807e-03
4.878502028470801943e-03
-3.739399842682490215e-03
3.671217847568075676e-03
