1.522891128236605537e-03
-3.068984884386588563e-03
-3.168640108982078048e-03
1.870823625623086947e-03
-7.907055031026741579e-04
3.439442864196697730e-04
-4.700421935126817760e-03
-2.640025704562279883e-03
3.185310778621826960e-03
-3.476400250041224854e-03
2.408418756088163276e-03
-1.939957116102756715e-03
3.653782464590825396e-03
-2.024052265313854796e-03
4.639409301017914308e-03
-3.419447913706411685e-04
-2.438294982388294115e-03
-4.810547436172006586e-04
5.367828935459303605e-04
1.306200341043966921e-03
-3.066973322350597352e-03
-4.045849155305412427e-03
-2.030654400388199818e-03
-4.164832827754686231e-03
6.418088104900186372e-04
-1.231885682399653115e-03
-3.198803494322397314e-03
-1.589570610142166610e-03
-3.503600762643247976e-03
1.002719390863123124e-03
3.046180379987186576e-03
4.961692565826828286e-03
4.356240250575332124e-03
-3.588319569876816280e-03
4.532246048741936026e-03
-9.020061962204655587e-04
1.892985048158026852e-03
-4.045967007362592446e-03
