1.313132176908381014e-03
3.304729202109144698e-03
-1.821955076828386203e-03
2.232862720820879068e-03
4.314339689292767330e-03
1.953890035430404931e-03
4.218084348080760812e-03
1.016110996454595676e-03
-2.825883287954511318e-03
2.843007024173898820e-03
6.472242240820194961e-04
4.908012065375767091e-03
-3.130830089500978054e-03
2.785561624642237007e-03
-6.541138201747575404e-04
-2.174578947834989243e-04
-1.113476616054616137e-03
1.371981214558771339e-03
2.889630810637007843e-03
1.033172969327290046e-03
1.443189017516768521e-03
4.204004620535209055e-04
-1.205925780931580739e-03
3.941442346535884919e-03
-4.357453601082339999e-03
-4.576466914713969020e-03
1.029844980075938186e-03
3.820072969372007021e-03
-1.611837146089620081e-03
-1.595920455786251427e-03
3.535641077964144646e-03
-2.019098370760340384e-03
2.492622528407326468e-03
8.526983594164096528e-04
4.643031633216561371e-03
2.473707639097912081e-03
1.264489330689497204e-04
-3.937837608059154698e-03
