2.116902286298264109e-03
1.303121951765552622e-03
1.296293280189953281e-03
4.773686138002409055e-03
-2.282536853932143686e-03
-4.527339521578154814e-03
-4.356344585106773637e-03
-9.308633576720140579e-06
-1.323723269884807385e-03
-9.890720511884698238e-04
6.854077204912698007e-04
1.670372196016768618e-03
-1.192308924797611316e-03
3.410766142445238736e-03
-4.283130863810666669e-03
4.959245079148974847e-03
4.204008337359531333e-04
-4.593817508181394574e-03
-3.052685043662957225e-03
-1.179766259784111385e-04
-1.259299682487460392e-03
-4.436605716871255649e-03
-3.459169607372713107e-03
-1.524585599207691888e-03
3.822176038660749994e-03
1.376120724501292067e-03
-3.947688484983901541e-03
-3.918272999041577317e-03
-2.342836130210990478e-03
-8.381401411216796854e-04
-1.590772514212099829e-03
-4.632372656194417432e-03
3.529970598057116313e-03
2.305674717214164539e-03
-8.701962704840745383e-04
-2.920994150785560361e-03
-1.571633731535112231e-03
-1.186567731698455214e-03
