3.168201443272495796e-03
3.029113802623599472e-03
1.962715102974840753e-03
1.712425615813084612e-03
-1.103481830451057220e-03
-2.606020099387828387e-04
-4.916998021834636211e-03
4.822894203771511262e-03
-1.801741688030027849e-03
4.541268812814245812e-03
-4.056298204272508479e-03
-2.333198294027703963e-03
-3.992434594292952957e-03
-2.210410808043255897e-03
-4.772972335231463574e-03
-3.532065146047552121e-03
-3.633958300871357842e-03
-4.891352730831949498e-03
3.409863274635546032e-03
3.913981396334908006e-04
-2.994099288491976901e-03
3.574917539714630998e-05
-4.826438039470649574e-03
2.341451909569638827e-03
2.923317268303304850e-03
1.138287998660053937e-03
-4.831232862799681067e-03
4.125365064409428073e-04
-1.172883221531643289e-03
-4.432305798631078035e-03
-1.071277101313578874e-03
4.483444282556864682e-03
-1.701038666588668147e-03
-4.736681040012173660e-04
-4.946505809952242774e-03
-1.156812146631873428e-03
3.386931682806598731e-03
1.894105637907867248e-03
