-3.460205182917539674e-05
4.116554950548766134e-03
-4.185725898114053996e-03
3.108995209240805052e-03
3.593731293734454477e-03
-4.197674574744751988e-03
3.125813550386467160e-03
3.240597349083308709e-03
-3.314481396178032419e-03
3.896786370416842338e-04
1.991401842303122498e-03
-4.170463064059788845e-03
-2.955615207344725135e-03
-9.671380381235678697e-04
3.235872809670478981e-03
-1.027419752535242356e-03
1.589051844734486532e-03
3.944949359996601651e-05
3.394249937287711211e-03
1.554825874039396545e-03
-4.903295560182060683e-03
4.119981035484570134e-03
4.658552254981844498e-03
-4.842109150429411805e-03
-2.277696461638016937e-03
3.155344257195855789e-03
3.751243920290048620e-04
3.843688110986105341e-03
-2.048262236028874309e-03
-6.382608889764201238e-04
-4.741604774577148906e-03
-4.853714711275291561e-03
-1.799343081287476439e-03
-1.030861813971373914e-03
3.295803778928430364e-03
-3.939926387289289025e-03
-2.210072636349488719e-03
4.415504034016566257e-03
