-3.056889065197656435e-04
-2.937163483379757675e-03
2.636786409363226814e-03
2.054798154372369963e-03
-3.832673018229656482e-03
4.627453082647156601e-03
-4.480798901584600626e-03
2.057147067535184531e-03
3.930827863172612832e-03
1.817229648651639412e-04
-2.788180553944402413e-03
-2.668413855599700152e-03
1.799731764700443319e-03
7.581043886840431803e-04
1.505450440239339098e-03
-4.295998277146855469e-03
-4.033953829339323623e-03
-1.911670678899808195e-03
2.552614020886895436e-03
-4.109964469490846178e-03
4.928934177510758963e-03
3.744293604023670591e-03
-2.175385470940763982e-04
4.117663307415151200e-03
4.794566157513575205e-03
-2.569636433012111119e-03
-1.382985822508625215e-03
-4.401731075252231402e-03
1.935394607488748545e-03
2.624536490207067009e-03
-1.419695059895017229e-03
1.057436750947132742e-03
-3.622075157456535865e-03
-6.273816048699950090e-04
3.710314656727137228e-03
-3.125357305508200817e-03
-1.461353558632888516e-04
2.882913372287592216e-03
