-5.524625228623351175e-04
-2.627337840437066717e-03
-3.181032323873038501e-03
-5.264546958502307195e-04
4.692741395925792425e-03
1.089734404909920018e-03
-7.234916302348362582e-04
2.257709613212182526e-03
3.129923820425720149e-03
-4.219296112246835075e-03
-3.533216511338575262e-03
2.446616495214362988e-03
-1.293123960870271125e-03
-2.983428871126506208e-03
-4.526570945009184346e-03
5.203391529591625680e-04
2.806304254772076616e-03
-1.045392712778500308e-03
2.475922548325267328e-03
2.306383377787332191e-03
-6.933377171249744536e-04
4.569682001462399903e-03
-5.996203213443941638e-05
1.130415522810875387e-03
-3.821200397789026836e-03
2.854747537650560718e-03
4.601249132892700280e-03
1.548339415407795107e-03
-3.471232339632140430e-03
-2.299553234002511565e-03
3.592941555610506058e-03
6.642328994572142820e-04
2.001063308395722128e-03
-8.274034300067237974e-04
1.023849498242772847e-03
2.182055732304435426e-03
1.775010774042492037e-03
3.437767044490357138e-03
