-9.865388467996663233e-04
-1.953548628944612366e-03
2.373652479620812217e-05
-3.430504067963520247e-03
-4.212268938405599669e-03
-2.948792284448425310e-04
3.484662142293676323e-03
-4.813534502456456171e-03
2.463141152964961299e-03
1.785409545068822497e-03
-4.231214580979362344e-03
-1.367353670021463630e-04
-3.915862156158154972e-03
-2.106601727096559223e-03
-9.754896480948056434e-04
-4.620374506239891162e-03
2.703558219347008441e-03
8.478647417666500957e-04
2.834618012063290157e-03
-3.638847561095761175e-03
-1.954141741022332422e-03
2.878067963977848712e-03
-4.538159418504112384e-03
-4.126759341173479902e-03
1.625283800155064538e-03
4.261340198580520697e-03
-1.008631937596208422e-03
2.749681546580089696e-03
2.784126821619537645e-03
2.533880545745340052e-03
4.008981163150670060e-03
-3.573871676823731774e-03
4.898377174747987547e-03
-4.037574169722854198e-03
1.931902217318709133e-03
1.132096161826347432e-03
2.397867639610147539e-03
2.138494425547994744e-03
