4.037952012806161547e-03
-3.740800168195271801e-03
4.226685020683705607e-03
-4.759997290759656989e-03
-5.802236943010467135e-04
3.392743780383539187e-03
3.861143298838810509e-03
-2.800526700365512777e-03
4.836763396062754641e-03
-3.006029368908237631e-03
1.296527094777260268e-03
-8.386834905899131012e-04
-6.668866940936265392e-04
2.339889914136243643e-03
-1.989287160384904316e-03
-4.228761316762908590e-03
-1.231068153053419857e-03
1.151526874768612520e-03
-1.383575563006134070e-03
5.996938865452652520e-04
-1.554011124853347386e-05
7.273542255642039683e-04
-1.271670928248407745e-04
3.738982214333710571e-03
-4.881511095404765521e-03
2.502444552554747119e-03
4.361992168195862052e-03
-4.832400480783439686e-03
-1.755571325259073188e-03
-4.997605946151213382e-03
-3.195587242827302270e-03
1.779690865869748735e-03
-1.168737744717629565e-03
1.563169614994175914e-03
2.896645959677437987e-03
-2.691844519884017007e-03
2.123750081658949337e-04
-4.371467220747040847e-04
