1.536333715459706206e-03
1.625907634595991427e-03
3.148127043285127782e-03
9.195850005072362873e-04
-9.283918350516005488e-04
-4.806443366195453822e-03
-3.282219870652562915e-03
-3.213569230139051800e-03
-1.468966278930581692e-03
3.741915248145429723e-03
2.741350783946362724e-05
-3.332715075918685384e-03
-3.855253712521976642e-04
4.535310198416480157e-03
-1.865797847131422937e-03
3.345446005009942297e-03
-3.455994904799529130e-04
-4.118498166766126900e-03
-1.367503402249095525e-03
-7.145729659443454673e-04
3.730994000826916290e-03
-1.899363696550014115e-03
-3.796997648781922155e-03
3.706663093286341124e-03
-2.642163588272358667e-03
7.392904588270736432e-04
1.001926716482982524e-03
3.652495156345955674e-03
3.362825685062412889e-03
3.801650160809461401e-03
3.855977549845701971e-04
5.187974410350458185e-04
3.409191551009422769e-03
2.800209568895312487e-03
2.678202496500829352e-03
1.594428209042218596e-03
4.991453641819711823e-03
-1.722174255659411971e-03
