-3.673046126428749537e-03
-8.689587678120495873e-04
-3.210420719184617962e-03
1.834496638125580718e-03
-4.165937398833052287e-03
2.751665458423479226e-03
-5.590108932202273589e-04
-1.198965030881639447e-03
4.797979051862905422e-03
2.899780311334558200e-03
9.185134669644516234e-04
-2.790457228470529481e-03
-2.147838543557952125e-03
-2.629082970570359359e-03
1.388573634796040970e-04
-4.746743267527987926e-03
-2.274708305242669967e-04
2.756914593853825556e-03
3.816092598376123052e-03
1.610435836085073041e-03
-3.018748986915297666e-04
-4.101506457500761656e-03
-2.683229855953411531e-03
3.955902108338446577e-03
-3.260750477638670996e-03
-3.961302559672792364e-03
-6.467235678495469875e-04
-2.558905369209512129e-03
4.734875590691732875e-03
-5.315224262254242965e-04
4.914450094803320471e-03
2.259386007281921106e-03
1.639407271073354579e-03
-2.115086727654381590e-03
-4.887080680938968649e-04
-3.437181409521271151e-03
4.538846177032047902e-03
1.342552939701920772e-03
