-2.687614811192793988e-03
-1.104882467933759188e-03
-4.367430073822610621e-03
3.198921680961395314e-03
1.527447608652005018e-03
1.932890760860985803e-03
3.535701164166448265e-03
-4.842823538634319878e-03
-1.079538949077423968e-03
-1.585049086261492140e-03
-1.537416948059110167e-03
-4.569942114508835154e-03
8.794082623533681226e-04
-3.180758843630447294e-03
-2.155515468442495940e-03
1.320411925798977912e-03
1.529648944101479925e-03
2.495425887619459604e-03
-8.999927979292110525e-04
3.783719210852120110e-03
-1.841120095159518195e-03
4.472961393965555615e-03
-2.262290426907609224e-03
2.544798416953167330e-03
-4.049371036397667392e-03
3.377808663133349820e-03
-3.525174052796952850e-03
2.207559090116352311e-03
-1.045560673379530153e-03
-3.266381013578336864e-03
2.067800875655385721e-03
-4.067185289405955001e-03
-4.395917484365883393e-04
3.917081628593542877e-03
2.375715441649352104e-03
-4.606717825844054356e-03
4.285875868681640263e-03
-3.745433225954034832e-03
