4.520735079053147393e-03
-4.441266464369737245e-03
-4.637505679381096618e-03
-1.155868876338084564e-03
-4.308977069479519653e-03
4.282785066286076345e-03
1.909204179830869229e-03
2.806751772924370031e-03
-2.408855165218911579e-03
6.632884810052162849e-04
-1.737315581691117276e-03
3.596370322902671390e-03
2.732632980176332924e-03
2.606758297706146012e-03
-4.708294412578674371e-03
3.785936319589296162e-03
-2.728932390272812217e-03
2.840593253953967862e-03
-8.144683367441772973e-04
-3.268267461948954396e-03
1.039872102701444416e-03
3.133682969937030480e-03
-2.396614389598443820e-03
-5.177067017968365117e-04
-2.899078695742228397e-03
-1.097959207704383988e-04
-2.708476173600931833e-03
-2.132860924738700422e-03
-4.650426183626620025e-04
-4.173191728862931521e-05
-1.384327487754806896e-03
2.644432860859117877e-03
1.440684949503440518e-03
1.454085077925322371e-03
-1.080648506559416834e-03
-2.556113321838734530e-03
3.309808947712990571e-03
2.354876247161159265e-03
