1.772590716575731147e-03
8.659733140734841503e-04
-4.711422907029177293e-03
6.271668362122515342e-04
-1.912145757395236016e-03
3.601327483665659260e-03
6.319484635023400396e-04
1.265048545896857619e-03
1.664842772165329651e-03
-3.193100566478893239e-03
2.002444040433872322e-03
1.797905565937328934e-03
1.573529782469442265e-03
2.964248545701176143e-03
2.695231592461265133e-04
-4.917868814646930362e-04
3.725162950049983740e-03
-4.739376399069263751e-03
-3.630045187176834942e-04
3.881713218943899646e-03
-2.124355227252272202e-04
-4.710409343847208989e-03
-3.082902733675381077e-03
4.188761051022733828e-03
-1.496734558885852093e-03
1.531623556598428124e-04
5.766618240115361019e-04
-4.485799215918658336e-03
2.434559588514067542e-03
4.247135110503666086e-03
-9.426174730112540576e-04
-4.905692483303985933e-03
-6.158510722126071465e-04
-5.149939865935612357e-04
-2.599731392978486648e-03
4.110897770918532645e-03
1.956286706418069662e-03
-3.988594770933362975e-03
