2.323642251140530142e-03
2.072659610891811229e-03
-3.430474620776341119e-03
-1.744206020368862728e-04
-1.218851274622202545e-03
-3.507660734798754947e-03
-6.650365651385704152e-05
-4.290830290324717210e-03
4.584035314543610101e-03
9.900498083829688614e-04
-1.261589753186605125e-03
3.625786087337169381e-03
-2.716689618314276078e-03
-2.453435691943145914e-03
3.030437473571762075e-03
3.297451389164105309e-03
-4.704541148047284953e-03
4.867933888962300976e-03
-3.237489217998231091e-03
-1.784961509136253396e-03
-1.735945392129741461e-03
1.683327943145013564e-03
-4.803094394408171861e-03
-1.296720723774247037e-03
-2.139906280512671698e-03
-2.131246452580338058e-03
3.408668398838797173e-03
4.337649479008569633e-03
-1.462938939279190016e-03
-3.435303612525187483e-03
-3.021195694014811289e-03
2.385565172834513276e-03
-4.841675667324491818e-03
4.691724612421043980e-03
-2.164301992091545619e-03
1.780147499612872927e-04
3.961433957500905267e-03
-3.581499441767214097e-03
