2.192957288220194825e-03
4.019381592452825336e-03
2.751250431797162485e-03
-4.335395818446753646e-03
-4.611376609816713115e-03
4.658060977949589690e-03
-8.040783490555949292e-04
4.218276330846749272e-03
-3.846813487348184953e-03
4.482419420343821889e-03
4.096152615887093534e-04
-4.285843107019774237e-03
1.938830433459740217e-03
-4.231063530351445237e-03
-2.342939862867827582e-03
-1.086837799503351763e-03
1.150098175499581453e-03
2.695599925070572139e-03
-4.113980356223054247e-03
-4.786979616524898208e-03
4.831486567360319603e-03
2.299932796814989182e-03
1.687973808299179056e-03
-1.814706802921429128e-03
2.476283930058635271e-03
-4.991127690134135320e-03
3.289375815238764281e-04
-3.707789890191751005e-03
4.385986170607703016e-03
3.513285733833387825e-03
4.946528075973493505e-03
-5.203010721511599698e-04
-1.128197560751412372e-03
-4.700805879982465976e-03
-3.674149581921228470e-03
3.586383259011012570e-03
6.329095676582043722e-04
1.263767244502801528e-03
