4.937663225460233937e-04
2.721052640363623952e-03
-4.147879800786158019e-03
4.396143698978047243e-04
-4.782936689430999054e-03
3.263069199909067117e-03
3.613790449171004615e-03
3.940115161607119290e-03
-9.592999339470874645e-04
2.496055792189284285e-03
4.891203998611502735e-04
8.857979434540490596e-04
4.196607770741770521e-03
3.474181277750228863e-03
3.751159963596688990e-03
3.386361970806175958e-03
-2.581134986728025795e-03
6.173799863135546323e-04
2.284748499407436052e-03
1.666750337046355931e-03
2.613937756828964287e-03
4.803898790443428615e-03
3.451873110391840901e-03
1.663346066911064805e-03
2.425537517294068003e-03
3.785575134540281050e-03
-3.924378690489661176e-03
-8.309137555324343227e-05
-9.744667790037514835e-04
1.712524291509442444e-03
1.754976250565627380e-03
-2.497437662209119058e-03
1.836015663996600628e-04
1.247202166525945150e-03
-1.135725708734850511e-03
2.275858029668446914e-04
2.538608514183075815e-03
1.031288704825899898e-03
