-4.743034978435560142e-03
-1.675518294843877150e-03
4.449416053315551067e-03
2.802145597418161625e-03
-4.309771437807875458e-04
2.615032486662487859e-03
1.963166405710189098e-03
-3.879201709668414835e-03
8.731750445438836786e-04
3.593708220217973343e-05
-2.076265692655443300e-03
2.358498299570472266e-03
1.911865491980692736e-04
-3.880127831516434408e-03
4.410467496750300129e-04
-1.844447010167621012e-03
2.619800001999583045e-03
2.654583749507985480e-03
-3.642511320741539417e-03
-2.598691458339770846e-03
-2.184283911382052697e-03
-7.757368445165235132e-04
-2.308484779034648392e-03
2.794671218471601361e-03
4.817165256155934994e-03
2.039803968178922206e-04
1.098347110360451198e-03
-2.983574582600982336e-03
-2.014754412019665892e-03
3.982291259997706306e-03
-1.023269113892042760e-03
-4.774844255034911902e-04
-2.875007155976330546e-03
-4.859362064936867398e-03
7.994456574947359298e-04
1.673647432854886812e-03
-1.827067616847467997e-03
3.699728455362132767e-03
