-2.970483350545682650e-03
9.663695896695335963e-04
3.033750918233378210e-03
2.741206584920106645e-03
3.432378077986663820e-03
-2.923278273940028722e-03
-1.062121131867921169e-03
-4.930199013941674764e-03
-4.072298021022120046e-03
-1.760165964930479002e-03
-4.688577175802092697e-03
2.890198664605082846e-03
-1.970152825761145848e-03
1.082842304344861471e-03
4.124540271798295132e-03
2.065024131236499472e-03
4.719013934533699758e-04
4.173072743301574697e-03
-4.509482104034506257e-03
2.024030285296205510e-03
1.058276921684442665e-04
2.154964117123333266e-03
2.675072989831474291e-04
1.952483498773097126e-04
-6.699989823632955185e-04
-1.414314573383025804e-03
-2.558938546409778719e-04
-9.587784308535607022e-04
-2.864146155744729319e-04
-4.285979894413108338e-03
-3.206681456333644337e-03
4.135107922438815281e-03
4.930716341431617272e-03
2.006205893966371903e-03
4.599754072880161276e-03
4.076833002209252071e-03
3.656021070699922229e-04
4.381134443241544232e-03
