2.530967083269478404e-03
1.496108704514185171e-03
5.691633737996519560e-04
-2.995254349313781171e-03
-1.557667605855068364e-03
-3.314457438738545314e-04
1.664607669821150174e-03
-3.743567885252882879e-03
3.086222404569781766e-03
-1.019829478285492683e-03
-3.966220074617657874e-03
-2.579007433929999052e-03
2.454250046352257804e-03
2.921546119514353834e-03
-3.682227681037099267e-03
-6.793742820715015229e-04
2.543641727275783131e-03
3.370586484474065100e-03
-1.165478174275459688e-03
9.419261600118987443e-04
-1.061782720110962010e-03
3.844721352480795148e-04
2.119234571759395259e-03
2.500070261524408102e-03
2.279174852538647447e-03
2.920765578128379017e-03
4.873503285918612954e-03
3.496500764852816107e-03
-2.761053107113939972e-03
-1.839300304475524964e-03
-3.712583200233286751e-03
-3.486737280086061284e-03
8.786231164272864658e-04
2.831135802000308427e-03
-2.701576794855069588e-04
-4.460526553739911811e-03
-3.611074141741773408e-03
-4.615218706001958208e-03
