2.824887749013514290e-03
3.243428768560686903e-03
2.990977808608500169e-03
4.644353777005626877e-03
-2.379365095914845549e-03
1.355225279112620869e-03
2.844092253984244548e-03
4.331864929193237485e-04
4.879316901356215222e-03
-4.642740985710694726e-03
-3.064641233539769881e-03
3.919690682128093573e-04
-4.736026458376527658e-03
-3.217603212376513380e-03
4.764315545526401699e-04
4.378130918978961547e-03
2.509781527250949489e-03
-1.968870380636934467e-03
2.067199219451399360e-03
9.934376220586092765e-04
2.251143109515875255e-03
3.221718623242353710e-03
2.649647157616859434e-03
-3.704019218887504711e-04
2.657251562562538451e-03
4.520530262281040670e-03
4.067443145194070755e-03
-3.052573274311378999e-03
-4.290823581111697857e-03
2.638705564727461712e-03
-5.716880789143089989e-04
-4.381024031372846017e-03
2.146188536063908803e-03
3.307718857080648930e-03
-8.854119505010875704e-04
2.568596218811787513e-03
-7.532916002732309782e-04
4.923277947280988234e-03
