-2.913003846145362490e-03
-4.497918078787382923e-03
4.965416412588886941e-03
-3.803417293641496010e-03
3.175265394162535976e-03
9.453394240921154934e-04
2.352942449185276008e-03
1.155656899678676741e-03
-1.196071455414212358e-03
-1.336352076395010829e-04
-9.783010281094765490e-04
6.642998022797982904e-04
-4.408369360892468343e-03
-4.559137667300443633e-03
2.216191415684868639e-03
4.400800729280795326e-03
-4.489756813569850506e-03
-4.138009254910385119e-03
-1.505947251377850061e-03
-2.677355758838023854e-03
2.828396962303761364e-03
2.576669748523796079e-03
-2.840593017703812138e-03
-1.902176946857639817e-03
2.875512970881934083e-03
-1.993556495517803499e-03
6.359230932128610847e-04
3.106533316866777472e-03
4.002148055258985399e-03
6.086615785186105451e-04
2.063728510492560467e-04
-1.451395746005534546e-03
2.860748034405599660e-03
1.394008022809867242e-03
2.781581923909100251e-03
1.903541836347387960e-03
1.383068459707687166e-03
-4.779741608828901034e-03
