-4.033746675544242453e-03
-1.511782462287579454e-04
-7.306708691965152144e-04
1.398446229929909551e-03
-2.903497642836014997e-03
3.763686456242091444e-03
-1.632778297571716927e-03
3.325566853963337829e-03
4.820488227964788916e-03
-3.039416301222330578e-03
1.115938759249066742e-03
3.786762647543972377e-03
-4.242333051661547477e-03
8.465670414568096658e-04
1.915079122498921683e-03
-1.857811773092435566e-03
4.169252468888095045e-03
3.768460742577559724e-03
-1.332807969450082800e-03
1.539216636485371721e-03
3.893156084695504129e-03
4.799285013934005348e-03
-9.153441125724567917e-04
3.785972479926413142e-03
-4.807211148610579174e-03
1.785185049332483308e-03
1.189776860133761119e-03
6.650010135432742747e-04
-2.566051302832869207e-03
3.910904372746734289e-03
-2.628167882527274613e-03
3.884065948991205844e-03
-5.175106803217352502e-04
2.673908230007615398e-03
6.039648468056761643e-04
-2.058319239788162711e-04
-3.541188179181701395e-03
2.826089435385530091e-05
