-3.641803288609640407e-03
-3.850020849577744965e-03
-1.548674162623608474e-03
-1.957002322139827187e-03
-3.125401523308870069e-03
4.397910310359940539e-03
-3.877513920238636128e-03
4.349811426324403166e-03
-4.838668910653671357e-03
-1.951940047523859946e-03
-1.718479020353434403e-03
-2.098435057931265744e-03
-3.495631102247538473e-03
2.237073156708138666e-03
1.810539570212633086e-03
-2.756265492578412451e-03
9.350194537140798026e-04
4.599030663259727134e-04
4.121348426883960844e-03
2.712294874247736347e-03
4.640873157237886126e-03
-9.240509340738001232e-04
1.744706646418746170e-03
1.735599338496486913e-03
1.354701047978553244e-03
2.566257584473190939e-03
-3.689752836268613955e-03
4.197402800424528124e-03
2.979179757562623945e-03
2.812018814892939048e-04
2.561398084196742780e-03
-4.285003470108289005e-03
-4.229625738481793823e-03
3.351760238608607334e-03
-2.803552945277452621e-03
3.143038312613512242e-03
3.216993808369674607e-03
4.982227021465172184e-03
