-4.559735406803486386e-03
3.966610922331878161e-03
-4.398722906105939287e-03
3.966924329278894226e-03
1.418100361266682631e-03
2.842410874122748218e-03
2.074832250111726881e-03
4.457763630077863151e-03
-2.032460065318729414e-04
-3.992214784224236770e-03
-2.930646711823668010e-03
1.310818643442789554e-03
-3.818265026713815128e-03
4.271842038736192726e-03
3.143713867426933470e-03
-4.516374818478040634e-03
-1.403415048365951739e-03
2.520028538941861303e-03
-3.781592554502736549e-03
-4.424233228015200109e-03
-2.621276547725312663e-03
3.928536108988184630e-03
3.365789791084405555e-03
6.079412645748315247e-04
-3.304611098763888394e-03
4.018955143792631718e-03
1.627418247202398575e-03
-3.619591522395353665e-03
-3.552045432126835385e-03
-9.155642876638144315e-04
-8.946967292426388774e-04
3.357616041201454474e-03
-1.959291337569102603e-03
4.949375899993111935e-03
2.761845541995989507e-03
-1.458254447486116278e-03
-1.041555007452602336e-04
1.061884135910929131e-03
