1.389757795557902686e-03
1.530564145582414062e-04
-1.768003992274811125e-03
-3.230337154621725805e-03
-4.403942030291184591e-03
-4.352518118529202611e-03
-1.326914543381682750e-03
-4.236945814409106767e-04
4.541726523580149125e-04
4.187390515833548654e-03
3.322661232187532412e-03
-4.599596047857209581e-03
-2.151294122664956527e-03
-3.007269446408743652e-03
-4.565216975279012476e-03
-4.308647291664816081e-03
-2.189386121849900592e-03
1.978438118107207072e-04
-1.643539277457089273e-03
-3.957176032017112668e-03
2.420675907055799998e-03
1.560689844534515758e-04
1.856485829635643771e-03
3.844020666878651335e-03
-9.167080520181255035e-04
-9.483295149398090346e-04
2.431137052034024540e-03
-6.812239191858098300e-04
-4.419287379948250855e-03
4.411194765755370797e-03
2.492199667835722984e-03
3.142241590358533371e-03
-4.639554026499285999e-03
4.516121352326993646e-03
-1.055672037024571464e-03
-3.274036232256520573e-03
-1.875331370232857005e-03
3.027025244715391208e-03
