1.457693695924647259e-04
1.906033258290338456e-03
-4.159641199188981661e-03
-3.568590788263405894e-03
1.357998929989518572e-03
-2.630150696747156434e-03
-2.316751089982589662e-03
2.537100191088507463e-03
1.486602159004335802e-03
2.651479958205131549e-03
-2.897030610507960249e-04
4.494599604699686321e-03
4.169444625071135058e-03
-4.611719473684243106e-03
1.042392012355634369e-03
4.554655763909095170e-03
2.611047713331551834e-04
-2.324814932095002444e-03
-2.569534249448516151e-03
-2.401891591136209175e-03
3.180314741836479456e-03
-2.618979616324137571e-03
-2.004784571772647798e-03
-2.418725235132316437e-04
-2.914790485520992770e-03
3.040985556773801932e-03
7.216878262428939178e-04
-2.393559557216243597e-03
1.467314777508678045e-03
-1.341542543157801977e-03
-3.514959321550405885e-03
-2.610731720739272333e-03
4.733844886734913868e-03
-6.140292352655816327e-04
2.166781210051873033e-03
-6.107947737498701721e-04
3.295159162329943520e-03
2.488376406128975545e-03
