-1.249573260852703937e-03
-1.585383533125310496e-03
3.846013257899863480e-03
-1.186667813094571030e-03
1.630342150486536329e-05
-2.531275130284566487e-03
4.426365253846546027e-03
2.156394899155649955e-03
-3.043777715239951581e-03
3.755841819163153322e-03
-9.004350197993572433e-04
3.043216826021056740e-03
-2.297635631250466957e-03
-3.788427692502016261e-03
1.001674982730708582e-03
-2.311649797607665500e-03
-3.935655127577869852e-03
-4.652337254291679172e-04
1.211692627284145958e-03
-3.784724449581941715e-03
-2.002317979765116680e-03
-3.269069010937789618e-03
1.017619242555526868e-03
-1.744527194724636212e-03
-3.484581357837472377e-03
-3.529256118205809870e-03
4.276291776727867561e-04
-4.363667805948524825e-03
-1.500127036023659287e-03
2.434711811677508185e-03
-3.543284216071646096e-03
-2.559218807655552503e-03
2.753756211687241086e-03
-1.383893991349317062e-03
2.104006232814370492e-03
-2.109341111695891505e-03
-2.192378965809272436e-03
-2.548300465903316665e-03
