-1.943642284856360487e-03
1.340420877702328505e-03
1.492881851954091198e-03
-2.303719363250824031e-03
2.273852482651073439e-04
4.062242612609812467e-03
3.871519134140393587e-04
5.902948042852997068e-04
-2.725999265203293137e-04
1.859151547003444135e-03
-1.469383359360669147e-03
2.677347160022572510e-03
1.809669984848041521e-03
1.113514480965470052e-03
1.880513053878980594e-03
1.454608009652622914e-03
2.256698466724464322e-03
-2.595263317580433736e-03
-1.855492253792410950e-03
-2.398928365764827538e-03
-3.154153431854891942e-03
1.923534059133309541e-03
-3.371802511914699131e-03
-1.944107645833603650e-03
-3.748124642744781257e-03
-1.364600168580867683e-03
2.108368792823970758e-03
1.938826541763173650e-03
4.722391623087228776e-03
-1.783497855573981661e-04
8.507919272973613403e-04
3.424174415246679370e-03
-2.909632921078084567e-03
-1.400552120215585537e-03
-4.512773433495560066e-03
-3.284499258472831432e-04
-2.618084729389759217e-03
3.534952566565094378e-03
