2.993578285122262816e-03
-2.726000244178788858e-03
2.523826839231686596e-03
-2.467406569321532739e-04
2.861037949946132475e-03
-4.425929032041924990e-03
2.993361059445550851e-04
-1.787770350117354103e-03
2.562355450625894773e-03
4.354261052684318609e-03
-4.503385127361379629e-03
3.722669927056856259e-03
1.773624566261565103e-03
3.497394405910035642e-03
-1.810955827962399539e-03
4.947213973960499708e-03
-5.610824480627770589e-05
4.473167932959754706e-03
-1.218316411754503427e-03
4.890667624402095584e-03
1.582639366758328836e-03
3.814604735346739314e-03
1.219468751846858670e-03
3.610947445028891978e-03
-4.934765511721022138e-03
-6.312607753201941382e-04
-2.919107969279403480e-03
2.249537057833588850e-03
-8.909438346317369306e-04
4.879608349667967013e-03
-3.854269160622209554e-03
8.734113505123285159e-04
-2.756958072178928090e-03
-2.740101272932732833e-03
-9.231405291465358612e-04
3.222128059903470523e-03
6.078771841935056569e-05
-1.504896210541986981e-04
