3.813097741496842760e-03
-4.397014542912195539e-03
-4.123788848524359042e-03
-2.630882949285217893e-03
-2.462218803761423262e-03
-9.242206615707954445e-04
2.519334921916967056e-03
3.782403672831264815e-03
6.546493196978673407e-04
-4.687352413479825564e-03
2.247522052805453648e-03
4.001944073465043411e-03
-1.329810007559671485e-03
-1.871593685217155540e-03
2.747675158336042832e-03
-3.249055216882501367e-03
-4.767460635539695797e-03
4.806673317970099057e-03
-4.939082316028220107e-03
-1.522158348471695094e-04
4.912706581926733554e-03
-4.738025264749770593e-04
-1.759197651581955596e-05
-2.167615148322203384e-03
2.166717944858855514e-03
4.307482466832296408e-03
5.471387004445799063e-06
-4.507957328358589387e-03
-3.613720694459213179e-03
8.434185528904186366e-04
4.567681702583198736e-03
2.954114918415452068e-03
2.991326308200894374e-03
3.773288182404421071e-04
-4.690585297624136861e-03
4.998849741150293569e-03
2.705619973863319233e-03
2.306972291211115134e-03
