-4.863470950624080268e-03
-1.212383741742432269e-03
-2.845937885891994083e-03
3.453325509203835492e-03
4.989753104648808266e-04
6.842341674816853486e-04
-6.683445008525933095e-04
-4.100579285739908326e-03
-3.269134034441586664e-03
-1.573275812271790041e-03
3.905342254399717453e-03
1.044007181943808552e-03
-1.490927234277775529e-03
-4.125631378430937024e-03
-3.972706214906886017e-03
-3.642523253308792286e-05
-2.983255684259508191e-03
-9.434063788529281278e-04
-4.485409024665864067e-03
1.796400054554173759e-03
-1.888339119064580407e-03
7.010732380207610609e-04
7.716162435445362427e-05
5.842648648392003916e-04
1.563076082752582613e-03
-3.017860369261300604e-03
3.230166546646198386e-03
6.006430708759540743e-04
4.360180528524748231e-03
-1.665726153755419606e-03
3.492951102835000279e-03
5.961588515493295923e-04
-4.180233461889876385e-03
3.828362322577334720e-03
1.832734024838867867e-03
-1.657466602855607683e-03
1.687127919940399103e-03
3.708675757502749581e-03
