1.938010588827646791e-03
4.030509395414818771e-03
2.197526538809765027e-03
3.546570650523238333e-03
-3.865209258042816808e-03
-4.919074587858362525e-03
-4.014439557656843301e-03
-5.622028137103850243e-04
-3.524989073521933407e-03
-3.843094727732608573e-03
-4.905650960000409143e-03
1.683499823507047036e-03
-2.487312344797157175e-03
-6.391582754571856206e-04
-3.637513697119865944e-03
4.440037267945893748e-03
2.561239371939962213e-03
-4.035136794336710055e-03
4.653063858042967224e-03
-1.234848826104549980e-03
4.446335913773640999e-03
-4.577419363633248618e-03
4.696487021185328722e-03
1.148608351900790372e-04
5.854934164097333818e-04
4.328416152698225453e-03
1.887827751471602734e-03
1.096428570547215361e-04
-4.305830817010747325e-03
-2.654392104415863752e-03
1.145455915986783903e-03
2.927341079938215740e-04
-4.805062118786534130e-03
4.409016301109408217e-03
1.986351607452417276e-04
4.067504428580037343e-03
3.355486248969367230e-03
4.531997452859445538e-03
