-1.360446325928184146e-03
-2.172246802265209199e-03
-3.824141571079810262e-03
2.445146242549001321e-03
-3.329600262992240666e-03
-1.516514372183844130e-03
-4.628649653179973955e-03
3.079407054198513016e-03
7.077561574018497240e-04
4.150639321179500768e-03
-1.567849823421375854e-03
-2.809733578146643863e-03
-1.103970136891877733e-03
-2.341075452503262912e-03
2.766409317433153603e-03
3.180290614271384306e-03
7.348614400556853152e-04
-1.468889944021242386e-03
-4.353734930476181077e-03
-3.874222003061159915e-03
4.365933567205212279e-03
-1.109609741471043968e-03
-3.803193788894947049e-03
-3.963620556734214449e-03
-3.370551470362055137e-03
4.568312156579731539e-03
9.855607919779180506e-04
-5.489834716042854210e-04
-3.833548866398258682e-03
-1.107250779097603867e-03
6.827661203200972168e-04
-2.979515577030420262e-04
-7.140056959496930353e-04
4.347684031808482161e-03
-2.140049205972276766e-03
-3.200588861630399278e-03
2.618102586985325553e-05
5.463876297585610123e-04
