-1.333101486545809882e-03
-3.667446699712185315e-03
-2.589118342433521704e-03
-4.416754191234236078e-03
-3.478743656594221554e-03
3.343564493402478854e-03
-4.444837560423331967e-03
2.164213278563675499e-04
3.577941261515707808e-04
4.914461023871979223e-03
-8.453504330280057349e-04
3.105313063990595979e-03
-2.307882119973767281e-03
-4.720374636592254008e-03
4.013657120869451936e-03
2.234859786490146077e-03
1.954789843651873367e-03
3.693230364551396486e-03
-1.526306367550936145e-03
2.578713800758690097e-03
1.733947091752128036e-04
-4.419981864105110292e-03
8.832406982267615447e-04
-3.466367833793221678e-03
-4.525526059130353593e-03
3.509218614720706342e-03
4.455773585424491548e-03
-3.286727958614594092e-03
2.394991338749127667e-03
3.313829959182541460e-03
1.864144156806883321e-03
2.944077105281739729e-03
3.340438053744199456e-03
2.911424537439182697e-03
-3.704850186927918440e-03
-3.717687745375823031e-03
-4.386961974932896552e-04
-4.230179340844078366e-03
