4.242086020484195016e-03
-6.677277401805157414e-04
-1.554759094999586064e-03
-6.360853759130912291e-04
8.565059786355697438e-04
-2.006426236758115239e-03
2.745012686371908761e-03
-2.165805963226234698e-03
2.082180815097854111e-03
2.798808050488600999e-03
1.816317740401150564e-03
6.188645528644801108e-04
-2.006411375298514099e-03
3.194209341038358949e-04
-4.429126373761941779e-03
-2.233292260669183290e-03
1.149577034240582309e-03
-1.943396392374310572e-03
-2.443149688032008465e-03
-3.362419266428690046e-03
-3.853103986605529996e-03
-3.743612415757911066e-03
-1.281150238438982531e-03
-3.440190397579643775e-03
-3.539292887154034568e-03
3.359923170801134423e-03
-2.575751703907912683e-03
4.364451056479399377e-03
-4.915468906805131079e-03
1.455169284682578806e-03
1.804525441159924963e-03
7.687846966648584010e-04
2.953744798787329151e-03
1.053341812094209760e-03
-3.993666275701584709e-03
-4.496334166587455036e-03
-4.688830523657058422e-03
2.008700892265904807e-03
