-2.252613915091729053e-03
6.957814240777801876e-04
-3.981978044055507239e-03
-7.859010872570959538e-04
-2.830447390925652784e-03
6.520342090299020149e-05
-3.081587558761123523e-03
4.955495958889598665e-03
1.787006745283600297e-03
-1.734359585503194093e-04
-1.426150948978187859e-03
6.845876891884662349e-04
-1.502184125568927376e-03
-3.867293916851388593e-03
6.253747965435660708e-04
2.348396060573861889e-03
-4.556138271516679307e-03
4.373660094610168358e-04
4.077728802343864173e-03
4.317454097479413513e-03
2.930494611144874792e-03
-3.027184975154294157e-03
-3.102638674304684582e-04
-4.375244374265386399e-03
2.935068533211468780e-03
2.168890328780209362e-03
-2.559893288158081315e-03
2.048420885362813894e-03
-3.195791527834420179e-03
2.905845412467437591e-03
4.346620578535718288e-03
-3.350458987419507872e-03
-4.321615740318137527e-03
-1.655660861876685243e-03
-7.903220060857790025e-04
-2.234358010860209090e-03
-3.550451254218542525e-03
-1.615232524262703428e-03
