-1.657870584835865156e-03
3.780426813086894614e-03
4.043073030599862380e-03
3.983290061535447318e-03
4.137050096446425254e-03
-4.990409116551118920e-03
-3.910543344277529060e-04
1.337166531738562779e-03
-4.764801997182966341e-03
3.331301406141287322e-03
-1.671183279674214473e-03
-1.924017613966534819e-03
4.931583153355619670e-03
1.626626911476496649e-03
4.931387493334833672e-03
2.999027147413374506e-03
2.462979893223790628e-03
3.539047073086609707e-03
-2.663627323337143527e-03
-4.973043537047288493e-03
3.208784633423195087e-05
-8.081780137825121321e-04
-4.665001215305060456e-03
6.480886125819207422e-04
2.336958080194203799e-03
4.990326497554179938e-03
-1.255385808914791408e-03
-4.815864177776384321e-03
-2.275749800570364429e-03
2.368588746500772252e-03
-7.775397351747655172e-06
4.339292436796602162e-03
4.548592934656836909e-03
-3.370759179399674885e-03
-2.377824313498082265e-03
-4.722259950107401960e-04
3.550950423429026850e-03
-9.043917623777555925e-04
