-1.747357114847274216e-03
-3.065178090105955683e-05
-5.545243413904703961e-04
-2.157751595831564496e-03
-1.836823946364608221e-03
7.690993232945392277e-04
-2.604059668248762463e-03
-3.793662834078188190e-03
3.388171312612986430e-03
2.271800579397384272e-03
-5.240934134073151063e-05
-2.243466531441088135e-03
1.070539249501391461e-03
-9.114282338038154352e-04
4.050521167372114067e-04
1.665734709394188669e-03
-7.908724273558180237e-04
-3.934648753685583353e-03
3.999983881580843406e-03
2.608754448019820482e-03
-1.931815163623493148e-04
4.619994440420412476e-03
3.974707247022937762e-03
4.348541028891110896e-03
-1.056211043546500215e-03
1.473867164741952084e-03
-1.422650202106046004e-03
-6.262120163848935647e-04
3.656852365264180380e-03
9.116709026382729952e-07
-1.233342529992668794e-03
-2.689087553638261699e-04
2.368442285506531728e-04
-3.300102590958057733e-03
4.120304471583983649e-03
-6.603695923289220823e-04
2.078758251184616504e-03
4.227619126426232499e-03
