3.874379481631478467e-03
-1.906357036729676175e-03
1.821900362620210330e-03
-1.873427225481641596e-03
6.888508211608671342e-04
1.964169195503738183e-04
-3.253735342526827869e-03
3.635562603282320102e-03
1.863816732936023415e-03
5.739161731188628310e-04
1.095681763590540883e-03
2.862466188694430883e-03
-4.288319316781028998e-03
-1.390954841783420114e-03
-2.820637123636768762e-03
-2.009603806153973868e-03
-4.818279052570871232e-03
4.551096578800850265e-03
1.299464294732355883e-03
4.652064143318822981e-03
-2.547280985739042332e-03
-2.092892589732264601e-03
2.381286480898626295e-03
1.383403287582636587e-03
3.406302262870506553e-03
-2.036321597109856576e-03
2.537787362951816721e-03
4.525293141787470330e-03
-4.521595225969352386e-03
-4.522071540844722209e-04
-2.035798977782166987e-03
2.783316307081223386e-03
1.622040108236826560e-03
-3.672042286066994239e-03
-2.769115289616338668e-03
-1.799254687911016476e-03
2.683099254978333140e-03
-4.410357162277600378e-03
