4.213620509998449240e-03
4.366417372079692619e-03
3.588786558099636009e-03
2.283157008500893634e-03
2.681878076112053678e-03
1.000593181139992904e-03
1.789929171024291950e-03
1.793874411537910510e-04
4.099880129298631021e-03
9.707645085707348326e-04
-2.323692836274927377e-03
-3.220026441152338149e-03
-4.448031003893598845e-03
1.701331366971834368e-03
-2.266378380351928221e-03
-2.088098644670519696e-03
1.786384414471883265e-03
-4.674140746804788388e-03
2.590588799591416955e-03
2.064837556880671707e-04
-2.224436416902382183e-03
5.350117928274349469e-04
-2.556401789664629071e-03
2.361963828977767417e-03
2.597571223365035577e-03
-3.752487851346202833e-03
3.888595216013075381e-03
4.521065563811993079e-03
-2.052264513748227378e-03
7.905532566315218515e-04
-3.663060764414398200e-03
4.619602498798582729e-03
-6.954781800575784642e-04
5.405598668612766888e-04
-2.422036367069398122e-03
-3.899795353829657585e-03
-2.090574722171712179e-03
-2.733567981192253863e-03
