4.667085966460413071e-04
4.153249041417825249e-03
-5.267974670713319874e-04
-3.142447545368148246e-03
9.520667963160093367e-04
4.853421584592388510e-03
4.794243124672916204e-03
1.523162819743121253e-03
2.040550124835486916e-03
8.420642068031622754e-04
3.791086021836498690e-03
3.894862605516911588e-03
-1.324408087349046841e-03
1.339908604821317059e-03
-4.002407218850009656e-03
1.090869475038871474e-03
-1.813410938104192960e-03
3.020020950764954609e-03
-2.024542627622716220e-03
1.749979666807057084e-03
2.349462634213442258e-03
2.217766135743623294e-03
4.588692278725122961e-03
-1.829189968190651078e-03
-9.925410411382737733e-04
3.876348938811439993e-03
4.905279215481939820e-03
4.782472278269309790e-03
1.073968960122187281e-03
9.808752943746088665e-04
3.408251885592706101e-03
-2.255402919141349938e-03
4.675804822994464663e-03
-4.590090409815536336e-03
-9.552535057929575218e-04
1.082404438371409837e-03
-4.167694950297451406e-03
3.312036348608616773e-03
