-1.164415347518780921e-03
-8.838268334695779591e-04
3.927157676062054126e-03
-9.236736055625426739e-04
-3.715283535265705671e-03
-3.752011659072501844e-03
-3.522217545033741459e-03
-3.011376813568468307e-03
1.894867739928340553e-03
4.062849949505927330e-03
1.731811119124116588e-03
3.735790550418116585e-03
4.559775579054148667e-03
-3.347532458307349388e-03
1.254052275307444668e-03
3.760971929862855223e-03
4.667604287447123940e-03
-1.377745146485228125e-04
-2.809531963262087376e-03
3.973975167254496094e-03
2.915316977311713589e-03
-3.678661092177728728e-03
3.186882770718149280e-03
-4.324399819868719394e-03
-5.661118184120909197e-04
4.155198761152514852e-03
-3.940556480323334498e-04
-3.384660277746450244e-03
-3.284393617712698735e-03
2.121609423638714381e-03
-2.320595871364731187e-03
9.007130825799984294e-04
-1.600948974902440501e-03
1.154188690413607797e-03
-2.957476070861051517e-03
-4.276263732746987851e-03
1.596731198296855170e-03
4.001369675773476520e-03
