1.252975177910927232e-03
3.904419347244633340e-03
2.012876808837868459e-03
-9.389362998225266391e-04
2.224298771307339599e-03
-1.792980548285228425e-03
-2.012571542362277810e-03
-4.200620913056632433e-03
-3.720052720449265084e-03
-8.415984641659633031e-04
3.896906151596997436e-03
-4.654138077833981819e-03
3.088107741763912104e-03
9.386458618621494610e-05
7.518798021321267816e-05
-4.377138013603601788e-04
2.437677860116639443e-03
-1.448265303602219983e-03
4.712902384731071370e-03
-2.431881499002276452e-03
-2.706851133627248291e-03
-1.987895245997306232e-03
-4.301314869110621671e-03
-1.023529529381588497e-03
-2.820490143495358974e-03
-3.356759241553721428e-03
-3.399167722976349608e-03
-2.727722866264460470e-03
4.486428141205612077e-03
-1.310538273580414814e-03
-2.495531565034914741e-03
-1.193564784941109763e-03
-4.737774086755284532e-03
1.537537032380444091e-03
4.729139947567051125e-04
2.022606211416580133e-03
-3.449696842198251168e-03
-1.332884905340121773e-03
