-3.562083900587278106e-03
-4.283179360756355150e-03
3.145211933036099958e-04
3.294469780250238941e-03
-3.770848097412985919e-03
-3.303963132707847788e-03
-2.588495141471746329e-03
9.163193816909970257e-05
-3.192938291477875022e-03
3.200332621715543807e-03
-1.191341050442496375e-03
3.067527463220951628e-03
2.687175755645144527e-03
-4.869815950365580931e-03
1.653004538317640916e-03
1.480079977174433847e-03
1.085470427156210414e-03
1.667761213353929385e-03
-3.767358617826073452e-03
-3.093710704850302640e-03
-2.354478087336036533e-03
3.282932424869709417e-03
3.639040511196236019e-03
3.662096268338259700e-03
-3.614862875233515807e-03
-6.470717809493181649e-05
7.261954265460569477e-04
7.042222539134232809e-04
-5.836817549353823936e-04
2.486473081818980739e-03
1.052551624518152130e-03
-2.194423148303004025e-03
-2.134850206045972587e-04
-2.041704804493275471e-03
-1.833711067437127085e-04
-3.483258590210162788e-03
-3.728996443406028954e-04
1.775106165073710163e-03
