2.401250686552389331e-03
4.085194260341413683e-03
-2.197920993411904729e-03
3.072614412958038846e-03
1.301564742483309924e-03
-2.653923375578742892e-03
-4.345723308929836694e-03
1.744029732012779624e-03
-1.610247101698676804e-03
4.817041438936310246e-03
1.786361816611616200e-03
-1.758631669872961871e-03
-1.390827396453043867e-03
4.584082706418602174e-03
4.977630378669108471e-03
2.974301777568034641e-03
2.035633639115009413e-03
-3.147322752958441397e-04
-2.783324057763050200e-03
1.857964292007940540e-03
-3.235785051400116505e-03
2.359375279774219777e-03
-4.862118302229229833e-03
-3.318109520498627781e-03
4.700426357432506072e-03
6.882288424013673425e-04
-3.463362242994340139e-03
-3.820697324804299844e-03
1.784680251323674839e-03
1.430058876998452702e-03
-6.164908604823242030e-04
2.070792076397153479e-03
8.580965662584837117e-05
8.104155327191518710e-04
-3.342845635242364024e-03
2.669501468555389272e-03
2.625157532171365493e-03
3.586845883064501694e-03
