3.439693915228143883e-03
-1.643831678183883729e-03
2.611224380058589298e-03
1.114963678999209354e-03
-3.741203354522964607e-03
-6.891156453803330695e-04
-4.837537239740834216e-03
4.936376988335657370e-03
-1.219491149198118768e-03
2.014538595252121644e-03
-4.755702794294154427e-03
3.763594206030710168e-03
-7.916053141093963921e-04
3.758192217606934685e-04
2.546204692406310935e-03
-4.799645644714342629e-03
-1.715301993548172792e-03
-3.141123325195557554e-03
2.623381754656393949e-05
-4.082675808803838159e-03
-8.212969283763436878e-04
1.808019245448833252e-03
-2.219062345237463561e-03
-4.721075229238550809e-03
2.989284402950110817e-03
-1.034475618554019614e-03
-1.435182185837349106e-04
1.394446716170273833e-03
1.348783355744512941e-03
-3.350236006138052232e-03
4.190273751534030755e-03
2.483333490640321668e-03
-4.034473548216597344e-03
-3.027761765245270270e-04
-5.562615192056859920e-05
2.241169895582839112e-03
2.523312026009930098e-04
-3.621912015636108428e-05
