-3.096763278796527304e-03
-4.302705055003561152e-03
-6.746743096292147357e-06
1.655685800851501924e-03
4.223140273086704519e-03
-1.208474525202796364e-03
-1.684352379833168028e-03
-4.142779511776982851e-03
3.332758706653751041e-03
-3.944270588514655999e-03
-3.656021294591641629e-03
-4.494865264845536793e-03
-9.085469263674312082e-04
2.069051603724629887e-04
-4.942697352796221293e-03
3.262893649583677863e-03
4.784363839508889299e-04
-1.032898907031747429e-04
2.265757420965796264e-03
3.735452389802702486e-03
-3.270065056220732014e-03
-6.662830567575259155e-04
3.537324643825097079e-03
-2.056348237334846164e-03
-2.398853954729340127e-03
8.553369150426873985e-04
-4.421414489082526461e-03
4.210443645362958731e-03
3.037959182426228436e-03
-1.562935541579591175e-03
2.297576879542116181e-03
2.812033252962045649e-03
7.515339121411434078e-04
-4.344732872833042409e-03
-5.124715424515789014e-04
-2.348998768895793534e-03
1.240225844534342814e-03
2.513489292686361953e-03
