-2.391518845621459603e-03
-2.335414167040382460e-03
4.616380046998450060e-03
1.000810528616718521e-03
-2.208960248804013246e-03
-1.475464418759095658e-03
-9.976816159557545458e-04
8.002023468053134914e-04
2.698730760995131372e-03
-2.100295243595078857e-03
-2.587231556629974050e-03
3.498995985356639568e-03
-3.288542301967734005e-03
1.416775580134329790e-04
-4.222512269174838982e-03
-1.419793534535120517e-03
1.980176267780118550e-03
-3.416928439680382880e-03
-4.972911833480167694e-03
4.165570607076521381e-03
-3.203586303178209554e-03
4.707416326525675279e-03
4.448911418741024332e-03
-4.178360422020884271e-03
4.926296616937048470e-03
-3.918638103748771188e-03
-2.285933697155148690e-03
-1.344443834474335839e-04
2.236152282216041266e-03
2.555882324463986700e-03
-1.973958774688565950e-03
3.433093674577549978e-03
2.695337669553426498e-03
9.884192999042073005e-04
1.616093410101191591e-03
1.612996574393823525e-03
2.601754388212889312e-03
-4.978609962569165159e-04
