2.763845348536598037e-03
-2.002286048352396562e-03
-3.868355248942505036e-03
2.130228966320096493e-03
-1.010447100149446283e-03
-3.597351309124266049e-03
-2.351749788079575756e-03
-3.339555135728279438e-03
-6.375825292206076939e-04
1.886330967364725081e-03
-4.405084642767804343e-03
4.630338922148454286e-03
-1.365735501286278412e-03
3.575673042367845042e-03
3.296529266181775705e-03
1.150583944984323592e-03
-3.285236212099761771e-03
2.141383187802366715e-03
-3.323184306291193223e-03
4.052660195989004135e-03
1.650755506682737711e-03
1.340081557809132996e-03
-3.250539326690330810e-03
4.479089514468386629e-03
4.271815473716765454e-03
-1.320135227535161777e-03
-2.062935886376531750e-03
2.957673808258436815e-04
-5.123422886704016507e-04
-3.976315291694400636e-03
4.848734545379479802e-03
2.879167365131562323e-03
-1.288761835533678082e-03
7.619840377315412541e-04
-2.372270087130593647e-04
8.818267787596336532e-04
-3.917382712251532562e-03
9.611565362060668638e-04
