-4.961658719861654528e-03
2.288100811536675910e-03
1.839481744632200967e-03
2.204213514206986892e-03
4.229658653825062523e-03
-3.492436053115836186e-03
4.600526808359829342e-04
-8.627716374904640870e-04
-1.836213531844952795e-03
-3.745134738580016814e-03
3.120635738691451833e-03
9.996688203029171702e-04
3.451257860211462067e-03
-2.272468749279241227e-03
3.322540972816720103e-03
-4.869291671953692759e-03
1.899851328199225753e-03
-1.329473632459908516e-03
1.808070022752933381e-03
-1.902600952978332483e-04
-2.972117042757585047e-03
1.312743648834604863e-03
-4.576545882824208274e-03
4.212615926802576807e-03
-9.525533043213685325e-04
-4.869926600938292299e-03
-1.562549814526090989e-03
1.513141899323082983e-03
9.246668237735192197e-07
-5.529022118845863462e-04
5.430141425693717563e-04
4.001333584491680029e-03
-3.079139853948481206e-04
4.498070531614320119e-03
1.339469305872527209e-03
-1.921977259151798605e-03
-2.257346058119223762e-03
-1.729854429699436910e-03
