-2.992727999477585478e-03
1.836509154663408874e-03
-4.550548277442500143e-03
2.482248450257469596e-03
-3.157487627063566490e-03
2.634658506830356121e-03
1.848055980056843330e-03
-1.581782639312692088e-03
-2.653246704897851190e-03
-1.411139547000905131e-03
-3.185406919580564041e-03
-3.454733401556528243e-03
2.097247463170695374e-03
-2.198835615762689214e-03
2.507032367922717650e-03
3.946279987228152111e-04
4.605136137091896120e-03
-3.797356837439482338e-03
9.170230882822334034e-05
9.058678199735251471e-04
2.866852964361621403e-04
1.633503897306797133e-03
1.114136778870389137e-03
-2.884432237541956299e-03
4.080536581797874693e-03
-2.162811603045916315e-03
-5.329719449917291046e-04
4.160733487391307661e-03
2.073397868091785348e-03
3.566809235729630906e-03
3.326514278694896187e-03
-3.455623428862223193e-03
4.127112064661294169e-03
-4.765841928613089029e-06
-4.167456942128085554e-03
-8.818811055320667502e-05
3.342893825676884062e-03
-1.082378431994321551e-03
