2.872351691155749370e-03
7.909785200147997908e-04
3.645739629360274237e-03
-1.603790888481360002e-03
4.856259301560611474e-03
-2.856458639970888436e-03
3.351438998978405193e-03
-1.882441761573137775e-03
3.511464654157445825e-03
4.087551792088651645e-03
8.202591874287845641e-04
1.220487828826554398e-03
2.178750796318696011e-03
1.671473431072449146e-03
-1.430995257024978134e-03
2.122099026269925158e-03
4.528899185458533372e-03
-3.655606776076313069e-03
-1.291516299832416205e-03
7.957140484900785890e-04
4.079996568634482179e-03
-4.925338558448187458e-03
-3.139664276780809553e-03
-4.504722755501753238e-03
3.339416896790098344e-03
-1.916254562544142392e-03
-1.153270170011573906e-03
-3.453626739651401763e-03
3.497105163231817304e-03
2.142112628337584923e-03
1.914178469923590378e-03
2.412463969599290721e-03
2.181112290364196037e-03
-4.187940064464446173e-03
-3.554588081546199065e-03
-1.945366057597164473e-03
-3.665998893241945427e-03
3.774549334498786615e-03
