-4.690755921096041031e-03
2.232130705411398269e-03
1.517548843714968190e-03
3.332433083726910050e-03
1.259360679116087317e-03
3.597619427926393790e-03
-3.663641656431951797e-03
-3.910292779311260597e-03
-2.695515088703753434e-03
-3.959080144559252827e-03
4.106896008490274960e-03
-2.369972736301000776e-03
-2.929427680251417768e-04
4.990406715576555657e-03
-2.985529648778964800e-03
-4.156867092076954422e-03
4.800229410908560257e-03
1.109384526804093121e-04
-2.500613283657389732e-03
3.410926499752770305e-03
4.267075568977580710e-03
-2.409719511097473208e-03
-4.797427670755567350e-03
2.576545600583385505e-03
3.647496304208942830e-03
-4.910776123243609272e-03
-3.835971772690239569e-03
-4.770120420183129699e-03
1.210004405589088124e-03
2.998890775576095249e-03
4.716633124999447882e-03
-2.057998884938007107e-03
3.585685085929907201e-03
4.255450605035135739e-03
-1.564226394963979215e-03
-1.898418617757966984e-03
-3.194807231349863341e-03
-1.516272597013363158e-03
