3.714418460270679789e-03
-7.773312427926705459e-04
-1.889096855033310044e-03
5.628185929542842830e-04
2.519028217668976138e-04
3.199597431887236249e-03
2.201184658583386737e-03
-8.273087139062610534e-04
-2.529678839444401191e-03
2.966078501304493173e-03
3.252556744448265383e-03
3.462941870204889680e-03
1.216555285126002910e-03
3.938070553119456599e-03
3.270044022465655800e-03
-3.656239852006232423e-03
7.122882320863554995e-04
-4.242070379195470725e-04
-7.354107908005011809e-04
2.915097795055075769e-06
-2.025421216623243120e-03
-3.776250622878009680e-03
1.878405799259855874e-04
2.312632947303781654e-03
-2.560286045697870560e-03
1.635414111382444899e-03
-1.815297490033410555e-03
-2.812061387569097723e-03
5.109708831179020708e-04
4.076609434638249138e-03
2.802034292838362188e-03
-1.040848565681271390e-03
-5.855143935929773072e-04
8.371803288683785788e-04
3.589425098729405114e-03
4.251981493995422856e-03
4.733555221881622851e-03
3.060316263835015024e-03
