-2.416874230395053575e-03
-4.206862041872842448e-04
4.624605016331252705e-04
2.089156550173386015e-03
-1.792292668835802297e-03
-6.198416014112032718e-04
-1.517044874698286402e-03
4.848143409363941253e-03
-4.738469726552058461e-03
-4.448134422141664795e-03
4.503702057885885374e-03
2.975906804791487309e-03
-4.338328581444094063e-03
-3.127643265062864282e-03
2.141554956575426882e-03
-2.250318673677875053e-03
4.433569151238707373e-03
1.627251370249267574e-03
-7.530453720758084613e-04
-2.861488037248128332e-03
2.367818211201315817e-03
2.729904912145086036e-03
4.455197144666744880e-03
2.758664027621227435e-03
4.911460221672771589e-03
4.779798947015117400e-03
3.823542431466445124e-03
-4.055860740655944235e-03
-4.920477400239108706e-04
8.751829467188798964e-04
1.995415327186307944e-03
-4.037855617904151373e-03
1.212489217567667629e-03
1.998619962522879198e-03
4.807431416818689837e-03
-7.523166101052252905e-04
-4.463244829583059257e-03
-4.124425404372222478e-03
