-2.749906040564425828e-03
5.467792181190226850e-04
-2.382744897156863131e-03
3.813742757072625250e-03
1.226488833688159710e-03
3.882132642606048178e-03
3.727883852019732089e-03
1.370975314059393046e-05
-4.793726239963265294e-03
-3.602311876872111782e-04
2.534498319915362910e-03
2.385965437323142417e-03
-2.382802543751680237e-03
1.307761623380258170e-03
-2.667343721404426618e-03
-4.892192997820020255e-03
-4.136217064536217708e-03
-2.573811203763057710e-03
-1.145380336780359772e-03
-1.771556323678211489e-03
-2.738094003876017941e-03
-3.833151955828427177e-03
2.900601202499020204e-03
-2.530406524249172086e-03
4.891436546489304205e-03
3.300402209148702720e-03
1.412373851584197010e-03
-1.995988562540881688e-03
-2.545943479135354820e-03
3.406340461873094347e-04
7.737207852554018120e-04
1.261048870878644229e-03
-1.109408751798836822e-03
1.295993712596421599e-04
-3.249959446774903712e-03
9.752458366564667816e-04
-3.420565487308566306e-03
2.229517345238203781e-03
