4.299831650867535701e-03
-3.414039015314420528e-04
-4.923160080571627704e-03
8.638134318491117597e-04
1.518906653746114090e-03
3.824893252884101896e-03
1.369535844029964693e-03
-3.311771531399114628e-03
-8.054661447796278642e-04
2.155735049840006023e-03
1.707586171144071657e-03
-1.309032898180387174e-03
-9.884460520101188974e-04
-4.311748993206552388e-03
-9.409061787924583031e-05
2.354598725531546581e-03
4.008412184260245342e-03
7.889150007508310969e-05
-4.086282356983387404e-05
4.567331038033981341e-04
-1.502201164425761518e-03
-1.056372224386328829e-03
-4.700391300355933645e-03
1.288691279446352138e-03
-2.217281214705391686e-03
-1.894196682004090256e-03
1.956958208615972548e-03
1.741047169240589332e-03
-1.429694302185870527e-04
-3.784519676719776647e-03
3.816356160770828856e-03
3.029956967955408850e-03
2.913048018559131341e-03
4.468648966802938466e-03
-3.284085784089861570e-04
-1.961835791354485728e-03
1.466010069862141475e-03
7.870985617999008352e-04
