1.242010632013020033e-03
2.517340029210089064e-03
-9.708484211858907018e-04
7.495432539784850287e-04
2.581694653733593997e-03
-8.757580424371145048e-04
4.946670739499055974e-03
2.300426882265281178e-03
1.761833045908706499e-03
-2.273889608051190853e-03
1.201599362283916651e-03
-3.910933891574863534e-03
-3.154790070410809326e-03
1.794167473725087961e-03
-3.861628033007873974e-03
-1.460085825846780139e-03
-1.218759015205937019e-03
4.581496477891286445e-03
4.518314112480284472e-04
2.422634155337426848e-03
1.762387764459244846e-03
-2.697496837588122739e-04
-2.150612755647565016e-03
9.076342920352059584e-04
-1.750955091396574556e-03
9.851381495945936428e-04
3.470413067355510375e-03
6.949324981704420659e-04
-3.294506860659820319e-04
1.559617047713754076e-03
-4.448522505914095232e-04
4.631146303238475176e-03
1.124309820835115575e-03
-8.623152897789887819e-04
-3.007479101031626176e-04
6.449629499328812798e-04
-2.896532738314344397e-03
4.184977938449570972e-04
