-3.842126052697996536e-04
-2.484995435036081203e-03
-6.962899213741498283e-04
-1.317809989744620543e-03
3.652406725099432289e-03
-8.202273202614360562e-04
4.728620666804824249e-03
4.016890582472348523e-03
-6.734588786779446834e-04
-1.654450249538533951e-03
-2.165570702458925138e-03
2.097474581938269488e-03
3.599034725225085801e-03
1.631569194630519415e-04
3.163057074589312526e-03
2.139976215189545901e-03
-7.454005320997741935e-04
-3.923266927164081527e-03
-2.842775421643200899e-03
4.977075186654520908e-03
-2.087101211255711335e-03
-2.392494168786515364e-03
3.203764680243135696e-03
4.053937450708963719e-03
4.043392938860853464e-03
-6.068505992990894451e-04
-3.372440201096914714e-03
-2.042786322567538213e-03
3.305342255517637606e-03
1.806263694417405315e-03
4.363332127117904025e-03
4.899713591507249416e-03
-1.481510397345561520e-03
-1.839200457427916328e-03
-2.662833517119873265e-03
-4.373276911364505290e-03
-2.161014471706236735e-03
-4.760385133557846864e-03
