8.179240853725764510e-04
-5.995685239047095216e-04
-1.433726100055513104e-03
-2.334475397191542161e-03
-4.931097372204405055e-03
-4.571655722919567080e-03
1.462366282738799921e-03
3.098541373060268236e-04
-9.918058929070583049e-04
-4.442856295266538885e-04
1.846481553409327556e-03
2.302179770033201817e-03
-4.508338459452425513e-03
3.446054752484916869e-03
1.488679759338504965e-03
1.837971714000540858e-03
4.645342890735428346e-03
3.994515667151509949e-03
1.863935833989954945e-03
3.753024978938078807e-03
-3.829648573963492786e-03
-3.370907493185722106e-03
-1.897175669244451166e-03
-3.768539231149368313e-04
2.251672901549176160e-03
6.177103151054803842e-05
3.038608509980686087e-03
5.038246036084019150e-04
2.805177434139580900e-03
5.111130205916001451e-04
-4.599929468877679735e-03
-3.630641833606125090e-03
4.226904469830145353e-03
-2.077750526173528962e-03
-2.114331155351514314e-03
-5.339432975111505289e-04
-1.811777895508699839e-03
-2.266493892493113768e-04
