1.886048950009376265e-03
3.387044578683964108e-03
1.854949981504756644e-03
-4.608068740059005283e-03
7.655363949580148986e-04
4.441774064972701594e-03
4.971412465063872535e-03
3.013478813398020803e-03
-2.023768692166066224e-03
1.316492947941618266e-03
-1.872872643770589172e-03
-4.790329850406700209e-03
-7.074148510559392228e-04
2.833939383463515010e-03
2.087820688772563070e-03
6.124384105017574575e-04
6.668043955076205856e-04
-1.295136558166554326e-03
-3.534853067215994182e-03
-1.446751136258223915e-03
-4.707488249614975515e-04
-1.858417103703814861e-03
-3.287068577287744278e-03
1.921545634509395743e-03
-4.441358807261753389e-03
4.104834938732711269e-03
-5.849711974519932259e-04
-1.636549999325833619e-03
-4.234651937362864278e-03
-3.595285868340895863e-03
-4.533159613335775544e-03
2.343615189129349616e-03
-2.946555506670651622e-03
4.160356941055237678e-03
4.041198227849492064e-03
-4.115869707423431764e-03
-3.490985155301481145e-03
-2.419442481747998645e-03
