-1.772284938798206980e-03
-2.985910882566218932e-03
2.831579694899387031e-03
3.443859895997486778e-03
-8.450266675391702315e-04
-2.947686527330578652e-03
-1.142011327066730104e-03
-9.669635406065260619e-05
2.341771248359276157e-03
3.411600129804320813e-03
6.137110442910190602e-04
4.808745740290401582e-03
-1.158513758238633676e-03
-2.219029434162630293e-04
-3.926715341920142266e-04
4.246653312597140420e-03
3.497272332821290547e-03
-3.898438534446044008e-03
7.706134948693103143e-04
-3.696964864599066453e-03
3.972445434702948780e-03
-3.762984311054966974e-03
4.379058768818841832e-03
2.974371053574694987e-03
-1.934480076439455600e-03
3.338119890931561667e-03
4.889182942289764175e-03
3.766841185940731501e-03
-3.033497110764336955e-03
4.609375522041277151e-03
3.183459721801593784e-03
4.501015288292491145e-05
-3.401476132412018481e-03
-4.853206772946917075e-04
1.299361863016112312e-03
-3.871199896439197694e-04
2.458849302402258546e-03
-1.817665085210908200e-03
