-2.573062199124233687e-03
-1.178324612105411621e-03
-1.507357774570933402e-03
3.750962865723078341e-03
1.607205877913057794e-03
1.701813599233507369e-03
-2.762807887061136287e-03
3.391350270237536782e-03
-1.410251931163807038e-03
-2.290204031586865179e-03
1.526623008435038648e-03
2.474609935150607135e-04
1.500257405830296951e-03
3.631382121265392532e-03
9.813789743778481359e-04
3.300117701573651585e-03
-2.393561027014070013e-03
5.717881351251638197e-04
5.241261302875504721e-04
2.961482742672827406e-03
5.158489043247203171e-05
-2.304155202047458197e-03
-4.949934362668368878e-03
-2.061195305224465535e-04
5.307007704120191710e-04
2.805837749706548839e-03
4.002860520570618308e-03
7.673472209132354421e-05
2.518117525066258106e-03
4.562741808635511348e-03
2.756522683574431400e-03
-4.990380063921778450e-03
2.787140289868541079e-03
4.227578976449406639e-03
-2.020287988881050781e-03
-1.499177403350452839e-04
2.116608983223908398e-03
-3.906211594575867418e-04
