1.788860161921158529e-03
3.774169124263943714e-03
4.057399448005701709e-03
4.479240165311159511e-03
-2.721745601172032535e-03
-1.856061319160958942e-03
2.549814903592659970e-03
3.943656467103595631e-05
7.439917236626162125e-04
-2.172788879404174631e-03
-3.794559859905150857e-03
-2.529472316954284924e-03
4.147035829829216064e-03
-4.598186615353768575e-03
3.005926336854888511e-03
-4.168452322792703599e-04
-2.823462819918653045e-03
-1.836074892711658975e-03
3.311105482851135762e-03
1.246710521418300729e-03
1.820364744954754664e-03
1.730946719520865332e-03
-4.333913612742519052e-03
2.926374772722423190e-03
-2.515503726251778430e-03
2.110372712133733175e-03
-2.766046873169834483e-04
-2.919695732418051918e-03
-4.966593263053788870e-03
-1.745063519694806543e-03
4.999499234729420927e-03
3.522522143526206698e-03
-4.292503154473227209e-03
4.186237993935347859e-03
2.087935413755915778e-04
-3.397479395833839354e-03
-1.788701682045943774e-03
2.610402622860397322e-03
