4.251850356090096372e-03
-9.025170793463205623e-04
-1.477621057228738818e-03
4.904990805712284782e-03
3.474592388390266434e-03
2.085643642095765318e-03
-4.802762489439089434e-03
-2.361196865208815918e-03
-1.107552176040959083e-04
3.875869495108968249e-03
-3.582733964399789466e-03
-2.299590548624464229e-03
1.683072711020658016e-03
4.020276543537143824e-03
-1.160855342633092171e-03
-5.327992704510153485e-04
-4.319618058162275238e-03
-8.741814902678566104e-04
-2.548311824883155857e-03
4.578779286768839413e-03
1.177500986301451696e-03
-2.956780854950895234e-03
-7.294515081138121942e-04
4.518525410349963009e-04
2.096429185002877948e-03
3.431898777489492125e-03
-2.226542595913498859e-03
-1.392620382668454445e-03
-5.385363333173321179e-04
3.284156753823879935e-03
2.520775022973500978e-03
-2.060240457604336009e-04
2.531711687357315888e-03
2.200083675592875293e-05
4.400078912212617918e-03
4.279258279291641223e-03
-3.627721270463658831e-03
3.141060087459426192e-03
