1.830287781653951520e-03
2.193337141141454491e-03
3.287776502843557658e-03
-2.289258540589454455e-03
2.276993095875903296e-03
5.302755123512839855e-04
-4.768495034593580803e-04
-1.641305384030245125e-03
1.400179986449588340e-03
-3.378760179134380690e-03
-6.745023450836730092e-04
1.390677943596963471e-03
4.463776445049732339e-03
4.558438564731008211e-03
6.574018795436464141e-04
-2.792956881621614772e-03
-6.278991140818007688e-04
-1.112938017376444415e-03
-4.167021566435519069e-03
-1.994302193258213566e-03
3.011794212568610213e-03
9.994815128837961776e-04
-9.483025593922979335e-04
3.402290740537973479e-03
-2.580570123763252597e-03
2.760468488124237507e-03
3.991562223003826057e-03
3.550475625916376873e-03
-3.155049704879410097e-03
3.615139042636510494e-03
3.274513469003969071e-03
4.357025519406851344e-03
-4.555788316116101896e-04
5.750578422980432911e-04
1.117356551723295427e-03
2.811877296618629785e-03
2.843275434921799238e-03
2.658038544888529850e-03
