9.420412569789383614e-04
2.743642662654103594e-03
4.461979092691657767e-03
-3.191973178004549327e-03
3.075177145487613395e-03
-2.062901402944267593e-03
-2.888904698090415200e-03
-2.534895083635543486e-04
2.153578983895686888e-04
3.938529597715798372e-03
-3.552920001327229335e-03
3.941058629769931404e-03
-5.797843378096108682e-04
-3.699759534963020444e-03
9.718617873463175627e-04
4.610731653670043298e-03
3.606447101102498373e-03
4.200168867781730805e-04
2.030019598696422393e-03
-4.284739955971525113e-03
-3.045115762799564547e-03
-1.521750506552789397e-03
2.133251684497547256e-03
-1.953930206483278382e-03
-3.637700918752854833e-03
-2.350138407495777019e-03
-3.330823184752711510e-03
1.101297625846482491e-03
-4.992359847914806976e-03
9.132941808973797995e-04
1.344620012417025237e-03
2.086003187251510640e-04
-4.019373482566455241e-03
2.330702659415470612e-03
4.754285606061654443e-03
4.213325540628405294e-03
4.656708868969570633e-03
2.855296766281460383e-03
