2.206349116737458919e-03
-4.885848446556390751e-04
3.781802469959443663e-03
1.759019568130844140e-03
1.101408281420704349e-03
-2.406869622187657581e-03
2.664845704106016434e-03
-4.978936856164017932e-03
-3.792371054325829535e-04
4.415819206104436984e-04
4.388978703276823906e-03
4.943540133322838620e-03
7.635497179561360342e-04
4.241719725209178865e-03
4.588642063551114439e-03
4.183318277344173775e-03
-2.421913293907784325e-03
-4.388070212284588337e-03
-1.042980738791997840e-03
3.126607941237206229e-03
-4.208892333187659422e-03
7.712161268244518975e-04
4.145037121490264750e-03
3.015455533013609163e-03
3.651801049475688829e-03
2.378709885253240189e-03
4.694426010804528954e-03
-4.990030976842169987e-03
-7.755651403638843394e-04
2.232225209919999794e-03
-4.853021503354749272e-04
3.529871814244458714e-03
3.550936933097178713e-03
-1.696004346029535842e-03
-1.278734491294789694e-04
6.989324392714778983e-04
-2.599504887930309885e-03
-4.264212553425195291e-03
