-1.495399676604203341e-03
4.412494433276481845e-03
-1.307113755625255013e-03
4.873891045106684000e-03
4.374676852811539354e-03
4.487305315953359422e-03
4.359669727267848419e-04
2.439106805746972528e-03
-2.808300543233191188e-03
-2.903987024139699155e-03
-3.214468556367628890e-03
-4.388651877607263260e-03
3.323829175626494617e-03
4.837248639196064723e-03
-2.004346523445016664e-03
3.496634187146595296e-03
-4.647357890613570269e-05
2.822547229356328971e-03
1.941374113121766345e-04
-9.869511766494448723e-04
-4.963164661224217684e-03
-4.830174764372044405e-04
-4.489863519634425953e-03
2.131031488332976731e-03
2.044883206593021280e-05
-2.892223448299710044e-03
4.256798528155849790e-03
-1.512475852528155380e-03
-3.328283571245980229e-03
-3.729805371840428339e-03
2.919262588266895858e-03
-4.706347143252066940e-03
4.715987964000006166e-03
1.689415815750864962e-03
-4.393419482635512255e-03
-2.417089731228522047e-03
-3.344425660129377205e-03
9.841821493808853780e-04
