-2.156711282823869317e-03
-3.957021096551174844e-03
-1.102240009104252932e-04
-4.980126124586502223e-03
-4.433898224446376768e-03
4.894361986426338032e-03
3.803854298908178333e-03
-2.711828742718695034e-03
-1.242777773554368595e-03
-4.838511454674397291e-03
2.971508455629417317e-03
1.931297547764650700e-03
-1.632378966165685084e-03
-1.415043789336099898e-03
3.713995075134325294e-03
2.710801660206774329e-03
1.839449298052817615e-03
1.750337927493936935e-03
2.840723566733616492e-04
-4.943366543860988616e-04
-7.713131328532700851e-04
4.055161639269838289e-03
-8.377448965411066206e-05
-3.089490859533504559e-03
-1.781409138749518242e-03
1.659549271213995453e-03
-4.047127651488060737e-04
-4.739540313511978083e-03
4.978552730179195557e-03
-1.991399131738095726e-03
-4.938444001158631518e-03
-4.542139952596410332e-03
1.678316183040734488e-03
3.467846087725934279e-03
-2.220157810551891611e-04
1.574362711165158170e-03
-4.502279215110949542e-04
-1.156432811419187690e-03
