4.817305457182454245e-03
4.993136119049926616e-03
4.218209944569773634e-03
7.628848187461812272e-04
-4.623349949844880388e-04
-3.837830000452662621e-04
-4.030335488030865193e-03
7.851697613984890203e-04
2.597065374297131447e-03
-1.845064686965972381e-03
-3.838362261157946941e-03
1.482994900302094660e-03
-4.580423599532468075e-03
1.699510509027057914e-03
-4.747592190914454516e-04
-7.744554709976092521e-04
3.052055627548878880e-03
5.071924451833980177e-04
3.728663346918008326e-03
4.013863074737522921e-03
6.675473356837222441e-04
9.023627924169969061e-04
4.345155278814823510e-03
4.761796828556914482e-03
-2.064110945076282067e-03
-1.284454443590170650e-03
-4.979353141237524011e-03
-1.337469714839594620e-03
-6.223659345922392602e-04
4.993011600850590093e-03
1.997821474953179535e-04
5.152018251247756503e-05
2.557505850679420850e-03
3.741612162238130979e-03
-4.024722807956002124e-03
-3.697753203344067083e-03
-4.409735466982621539e-03
-4.934513570182628289e-03
