-1.058876765548667255e-03
1.144853647958065171e-03
2.775579032786128220e-04
4.158223453745951356e-03
1.161731442502183381e-03
-3.369342892782132073e-03
2.316530337348178710e-03
-3.804571401597146678e-03
2.111862871607767672e-03
-3.099243970183777289e-03
2.503971322958578952e-03
-5.105391121626706025e-04
-4.008173361336256346e-04
-1.336833760298043218e-03
4.862265911087373244e-03
-2.133794364500106802e-03
-8.605292245911829591e-05
-1.063107265443886257e-03
1.318352336882491586e-03
3.368125250047957625e-03
-2.867312122808173252e-03
2.304387923966151608e-03
-3.560532574520113708e-04
3.589077025092582071e-03
6.265766870944180361e-05
-4.626988724720519988e-03
1.753685637327143804e-03
-4.011180197073322545e-03
-3.790139304295024603e-03
3.263063040671974543e-03
-1.550498260111168695e-03
3.499837074992686106e-03
3.276809089619052082e-04
1.189209388138329736e-03
3.655394096102205365e-03
3.010686160706110143e-04
8.133135915209680281e-04
-2.699336953395155454e-03
