3.242444384333412893e-03
4.452631728678737438e-03
5.009386930978614733e-04
2.948749612417360388e-03
3.919853498565800676e-03
-3.107428425438790720e-03
8.099906289187512945e-04
-7.131005567734419529e-04
-1.284353493059893058e-03
-1.464929895211612536e-03
2.714542336501949045e-03
-2.917305765876794087e-03
-2.432117162881713458e-03
1.138691044564186378e-03
-4.986503991307765678e-03
-2.471507789453500359e-03
-4.775072113234920569e-03
2.063030042861738883e-03
1.491983599406871037e-03
-2.021895945098890323e-03
3.453796798110284755e-03
-4.386631489791615462e-03
2.054750581742511087e-03
-3.729481293547836848e-03
2.313652122516584794e-03
-1.824200066863930405e-03
3.928543602976224125e-03
-2.105367953682253743e-03
-3.217714407067713295e-03
-1.691429821496298440e-03
9.787736867372864510e-04
-4.681201874453779638e-03
2.347374055620870051e-03
-4.226990937239978249e-03
3.525210661609178009e-03
3.024988601576199601e-03
-6.442016626874965193e-04
6.604190071824800681e-04
