3.064688117087314978e-03
3.440603311656270646e-03
-4.231907210468907957e-03
3.732729781422002360e-03
2.737917390166954602e-03
4.236932689862542636e-03
4.769281260198423786e-03
-4.485759460429750503e-03
-1.778764932263489449e-03
-3.563197267392861477e-03
-2.645746193191964198e-03
3.821431428736187311e-03
-2.654704897340274053e-03
7.422575288767406521e-04
1.407835272476836742e-03
1.249212587038034915e-03
3.592494810749141329e-03
-2.009151510125969063e-03
3.478022687790148504e-03
-4.700923063629326715e-03
6.349995873912994693e-04
4.094680657325376269e-03
6.223269884140869915e-04
3.363059529526306324e-03
3.208948359287722499e-03
-3.869327251734137538e-03
-2.816347460483828013e-03
-3.895059195304986788e-04
-2.956860182141037453e-03
1.737805960463316771e-03
2.154677190978159310e-03
-4.135153070245994704e-03
6.992232865134593439e-04
-1.909580707351118348e-03
4.780793534277018655e-03
-1.195052680822603856e-03
9.263428419033041539e-05
3.868101426253376871e-03
