3.688334750433447731e-03
2.819466284359932809e-03
-3.303403628827724162e-03
4.116887134040184831e-04
3.231236143296845054e-03
8.180980342066546118e-04
-2.035655917288838566e-03
4.603586836987376765e-03
2.060938380144710855e-03
3.619045831975718774e-03
-3.003963658318651881e-03
4.207661835448904195e-03
5.136095531742667503e-04
-4.759556487867443349e-03
-4.382658868060346040e-03
3.412581060105576367e-03
4.278308231911290282e-03
-1.476260604775033944e-03
1.585810706747002065e-03
-1.650614724839911084e-03
-4.102462259094668759e-03
5.873943825807524319e-04
1.402960963039576875e-04
-8.637506637843555407e-04
8.298867416778816022e-04
-3.592311334101522431e-03
-3.247138634701156323e-03
-8.500964388876370084e-04
-3.043306575610492393e-04
-2.679584038089697241e-03
7.022970241961305066e-04
1.076630138011304069e-03
3.743242395600546168e-04
-8.240139158929675467e-04
-1.124144034043202817e-04
2.943925867971283403e-03
-3.414879135515743597e-04
-8.765133759904425448e-04
