-1.617996967205998903e-03
4.156452706424096019e-04
-3.944455847775810847e-03
-1.552305854212411226e-03
1.964576216360841565e-03
-2.349619412573132182e-03
2.922421678241235443e-03
-9.948846429904461761e-04
-4.517472543677905454e-03
5.902802218947312066e-04
2.136460812875775987e-03
-1.334465626149595237e-03
3.906429913882262725e-03
4.810139093495801113e-03
2.468877183831523318e-03
-2.389696288859004605e-03
2.111321103134479460e-03
-3.202713606373884959e-03
1.678264684781620789e-03
4.426791069987388513e-03
1.522853305872708465e-03
5.176967340275850232e-04
-3.336353673905889227e-03
-4.613034535840865834e-03
1.116089211675511984e-03
2.879585059701181976e-03
2.515634877390691450e-03
-2.838624696090127474e-03
1.502669479924626829e-03
6.998006474991068371e-04
8.160013134612988106e-04
4.522994240248297618e-03
-3.691447936882690829e-03
3.431748327523931677e-03
-1.715634115945664263e-03
3.295895753900709296e-03
-1.865370140369262096e-03
-7.814689832584794174e-04
