-2.653452801307713913e-03
-1.926724668267956915e-03
7.782616715956182374e-04
2.605180872738861557e-03
-3.622469335390154574e-03
2.307845335503150644e-03
-2.816448389183579502e-03
1.649756332354001577e-03
2.370590511987013226e-03
4.390092985906687839e-03
-3.265926362185291899e-03
-6.243377103635067149e-04
3.969694608464977362e-04
-1.020102679428100748e-03
-8.012414161202175561e-04
-3.563722945924842865e-03
-3.029032195747728869e-03
-1.735302057951123265e-03
4.800992453648993824e-03
-1.828386692851389529e-03
4.567424604750926903e-03
-2.833838279484754332e-03
-3.308266000513518726e-03
-3.360963629274229744e-03
4.292320669514109593e-03
3.903360186021108055e-03
3.197612528761085982e-03
-4.265384139969255473e-03
3.108353230507839710e-03
-7.836484846657568171e-04
2.362190192899198474e-03
2.235373659719574677e-03
-2.267176406557502161e-04
-3.347264949218423449e-03
4.924445480160816874e-03
2.991140766149194205e-03
1.644797738089001302e-04
-3.278686665827157572e-03
