4.584980638697992716e-03
4.944974961999526464e-03
3.017696480967699962e-03
-3.761409434829611834e-03
5.125517847419779754e-04
-4.173914123592374972e-03
3.270541113455042309e-03
2.353293973605030155e-03
-2.925175109357323888e-03
7.258553901234058789e-04
-3.053521509719624161e-04
4.870596004418100908e-03
1.495178752533616803e-03
-3.665960892142425698e-03
5.322158467475392174e-05
1.508165321591123202e-03
-3.122570119756716556e-03
1.004388444110143781e-03
-2.310679628557506769e-03
3.602934371827969801e-03
3.987902520702990908e-03
4.333278915285870836e-03
-3.865509235436820692e-03
-7.134989718002929249e-04
4.357776948044480431e-03
-4.219809232420736883e-03
-4.232216470947067384e-03
2.954766327857615352e-03
-4.621079293331421811e-03
-3.316772934580026599e-03
-4.960041724388077403e-03
3.806626024442110248e-03
-2.205664817073913278e-03
7.256308990014285337e-04
1.781608395510720158e-03
-3.408554053959159027e-03
4.490407997441806312e-03
1.513264961782641652e-03
