-2.345198069271412986e-04
-1.348738388132518680e-03
-4.345165054315778229e-03
4.661943498342367362e-03
1.024409467816736301e-03
3.783496792948334506e-03
-1.249731003100251411e-03
2.090596044216817828e-03
3.714119611413458158e-03
-4.908169761317352463e-03
-3.405441928817859801e-03
5.523250977262526493e-04
-1.624564533556888991e-03
1.186484398220571772e-03
-1.582489541075910063e-03
2.834330198849701818e-03
3.662597669234031114e-03
2.850010392645270507e-03
-2.258042980375832200e-03
2.094057571012309348e-03
-1.990408417880109356e-03
4.691220686582930552e-03
3.105119764981586691e-04
2.443423052066734727e-03
-8.401331945336893564e-04
-4.516453376641385749e-03
-2.438592113342003594e-03
-1.560954502584224052e-03
6.108396610234913260e-05
-1.518607439278917438e-03
-1.142999012718280433e-03
3.226136749427212236e-03
-2.833427025121420476e-03
6.439632507505054296e-04
4.483490291905388447e-03
3.225396615663910643e-03
-3.358053729478715881e-03
-2.564609888783799842e-03
