-1.954477354247381032e-04
2.978593659756103781e-03
-2.657331805379993788e-03
-6.057156868741631756e-05
-2.848892924046612235e-04
1.187226653138088311e-03
-1.958647136921826300e-03
-3.281182422595482588e-03
-1.893206905874618949e-03
-4.171402384734014882e-03
-4.330402794336624811e-03
4.256316054791165968e-04
2.058987076267353514e-04
4.454494786091167668e-03
-8.653220551157808291e-04
-4.139274696427239740e-03
-4.238419796922514304e-03
2.022962973292608511e-03
-4.201291393059792406e-03
-8.571678985027850195e-04
1.208656844518060311e-03
-1.648495243258777526e-04
1.091778180795968320e-03
-6.024371107345464701e-04
4.158257116943855913e-03
-1.968133233782102566e-03
-4.656647052176179913e-06
-4.341951238265460457e-03
-3.991846564191024044e-03
-9.758942255690770257e-04
-4.355448943266997976e-03
4.683414983473336082e-03
1.001843328086743194e-03
2.968973623078205101e-03
3.116989990160677973e-04
-1.504744295470534024e-03
3.816015356842858072e-03
-3.878583774487432204e-03
