3.321542701624513941e-03
3.723714038300199314e-03
-1.907968956814646080e-03
2.970467807188495804e-03
-3.292041854702010880e-03
3.574401435755098291e-03
-2.486750649518095803e-03
-5.357846632595749531e-04
-2.477146298292965797e-03
-4.025404488978201467e-03
1.903325760414488303e-03
1.832802870504189260e-03
3.288643053454045825e-03
-3.259622941980883266e-03
4.666423775526701290e-03
-1.194609801632821877e-03
-4.333551390217520345e-03
4.298733522132355475e-03
-6.528676534476394316e-04
-1.890875123837274831e-03
4.296712923476837809e-03
-2.714775245160834342e-03
-2.291268396462453096e-03
4.916918221132389466e-03
3.575705364652447329e-03
2.606176335541116572e-03
-4.165159605798989841e-03
1.648013157086674653e-03
2.367357479152300791e-03
2.016084495325216192e-03
-2.144784609197470087e-03
1.679290262701221836e-03
1.709103282923344486e-03
3.646243506825797009e-03
3.554717746080050811e-03
1.458589500157397856e-03
-2.556843441426277092e-03
-1.889684180928284055e-03
