4.864717981260282403e-03
6.044062206093806303e-04
-9.776938311843947141e-04
1.098863085216124358e-03
1.896498533949311782e-04
-3.224192692589715904e-03
-4.077298378657697245e-04
-1.079271514372536454e-03
2.007195699157663001e-03
1.833430158283894280e-03
5.099060621270544436e-04
-1.138381478701004559e-03
-6.258732688318646362e-04
4.310500605652481387e-03
-2.468416446982010185e-03
7.107674545165209440e-04
2.853169638186218299e-03
1.291832896286572441e-03
2.357652831663592172e-03
-4.269334844293645043e-03
-1.764327525885388184e-03
2.981169864619579585e-03
-1.527903381197409302e-03
-8.053363077877469245e-04
2.952010679001193516e-03
3.084180391827229251e-03
-1.240625684856924184e-03
9.317103575449637784e-04
-8.386767858362138145e-04
3.067017432480731789e-03
-2.572024519429858946e-03
-3.529519922073156603e-03
-2.312034750640023801e-03
1.906444351380348623e-03
3.600368168246241216e-03
2.398136020968280428e-03
-1.646715947238924001e-03
4.710329862997759270e-03
