6.355740350473928005e-04
3.625912432101200539e-03
-3.714986983600388187e-03
-1.455188574989127112e-03
-4.963616913484882910e-03
-2.729278380021740984e-03
-1.794038996696390321e-03
-3.507571942483960793e-03
1.812204422842826276e-03
-3.644074764144792332e-03
-3.635529997242816294e-03
8.079938667950826645e-04
4.171894422974695843e-04
-1.113989398550168253e-03
4.603367941345965289e-03
8.031960423821558892e-05
-2.637493361451412940e-03
-4.252402062986931387e-03
-4.984340066294639347e-03
1.814050261511171436e-03
1.568708218161108357e-03
4.890083896428313454e-03
-3.544403307419192323e-03
2.703114559421873793e-03
4.619800459045133798e-03
4.702646935232172518e-03
2.735300082868958628e-03
3.379498410134580688e-03
2.258760333340296619e-03
1.044150211945165177e-03
-4.834630057076128896e-03
-4.359565435195668706e-03
-4.495281615240526336e-03
-7.661723923277534778e-04
-6.939432727315923352e-04
2.336519412223826697e-03
4.377335025384593292e-03
1.905177072260652409e-03
