5.794807212433986110e-05
-4.864809232537188610e-03
-4.876517856161866581e-03
-2.768091436113949508e-03
3.330137905156980993e-04
-7.678577921804733905e-04
2.405573106239664027e-03
1.617584202229756414e-03
1.296708683763274014e-03
8.860114854182341709e-04
1.628168320398372046e-03
-3.358483852796639944e-03
4.227115467350018099e-03
4.971779374234226029e-03
3.093473550158515328e-03
-5.802029742781331448e-04
-1.852746442516208306e-04
7.374375439417116262e-04
-3.206917151988663076e-03
2.048460866933158285e-03
-2.879417029244595461e-03
4.309251108754847195e-03
-6.149820810719781525e-04
-1.260115070367967115e-03
1.414738880250707848e-03
-4.550267759349396063e-03
-1.860280212611645483e-03
-2.094432144258383255e-04
-3.850997939877313231e-04
7.422437774629352461e-04
3.371510654057678982e-03
-1.149132835488805935e-03
-2.584261435347035354e-03
2.404941147434691909e-03
4.776632762175537367e-04
-8.124483671225306292e-04
1.667830098192036453e-03
3.205748565763643851e-03
