4.196119295977235666e-03
-2.501090879668506090e-03
-4.075245596645322467e-03
-4.465175344059079884e-04
-2.969994668227614407e-03
4.591801645628666370e-03
-3.854224695559549472e-03
4.447115219615285775e-03
-4.904446416818574253e-03
3.847238386196553256e-03
4.273578214604655326e-03
-7.757078329371390121e-04
1.578718235993262914e-03
-1.437987242527525786e-03
-5.725173384585873632e-04
3.219815931084215807e-04
1.740478080876958072e-05
4.395310709190745554e-03
2.861973407912736869e-03
4.778145812024767874e-05
-2.126809964506730464e-03
-2.433884994257898109e-03
3.901149500984595411e-03
-4.960842311186609496e-03
-3.753271075292511673e-03
8.256531039835691282e-04
2.707781784811255296e-03
2.786767030718928159e-03
4.941656331617506892e-03
2.780658992757999159e-03
-2.250048610377644847e-03
4.849765311096319517e-03
1.736042238351064720e-03
2.691720970010832818e-03
-2.793368109774773539e-03
1.326917461689477822e-03
2.882254839344310093e-03
3.803917199911105440e-03
