-5.847323260093515926e-04
-2.079987252885329152e-03
-4.585090055132688344e-04
-3.715400088734031186e-03
1.574794721583522988e-03
-1.056470199430168885e-03
2.288172265969366098e-04
2.898656254532514312e-03
9.178674771027350854e-04
2.608081650979916614e-03
-3.108574445783033983e-03
7.230131099473140546e-04
4.411273462181376781e-03
1.049422700546510066e-03
3.598899020127324308e-03
1.747050588853096484e-03
-1.786763927882745705e-03
1.841060704093441802e-03
3.455536847546090973e-03
-2.089545870847512535e-03
9.896778096178324158e-05
2.495281965146327677e-03
-3.404419985509028225e-03
4.289715700647463159e-03
4.376851899337511759e-03
-8.439295956765915929e-04
-5.564752147646841868e-04
2.930267995893479083e-03
2.648633101245956127e-03
2.823816765375092991e-03
-2.822563396567825608e-04
1.863431224424427421e-03
-1.694471728380236679e-03
4.055132459530531169e-03
3.626464996249681091e-03
1.702900443467762759e-04
2.440765148794213184e-03
-3.374254688016829415e-03
