2.372510795449945045e-03
1.392995521576050749e-03
1.097302463311007267e-03
-2.157891626388382458e-04
1.343207041775829232e-03
3.945406158730204588e-03
2.702139419330552156e-03
2.690736827945391062e-03
-5.732527178733994033e-04
4.302567670750928955e-03
-2.804784767017032623e-03
2.552322818811035565e-03
-4.158390257229446600e-03
-1.161817240112956312e-03
2.270819222122654781e-03
4.899640444714921383e-03
2.767058044197082817e-03
-4.494989999691778593e-03
-1.559919204230731174e-03
-4.921695857882345260e-05
-7.328463148073213751e-05
1.065908010144099929e-03
-2.070316777518170503e-03
1.319363668603201062e-03
8.600002142418634865e-05
-7.141555908751588688e-04
1.717748444236034955e-03
4.917085933088429298e-03
4.072704762033156969e-03
-4.773924873246242380e-03
4.880870846939125429e-03
-4.097650374798798324e-03
3.750327991218086257e-04
4.764726603618150633e-04
-3.930388570946349164e-04
4.356512422326716885e-03
3.168129691076434357e-03
-4.458492425402950377e-03
