-4.532053717331908579e-03
2.407608689193631302e-04
-1.937454051578995327e-03
4.590550951831719878e-04
4.812368872387869437e-03
-3.019383104844570575e-03
1.993453421398071884e-03
3.809041916325072233e-03
2.939642824655534087e-04
1.130771698727857724e-03
-1.844321979044258319e-03
3.377925297717276551e-03
-4.550335604443169965e-03
2.220756427094288700e-03
-4.690581242258795580e-03
4.308995858290575257e-03
-3.150284128720644110e-03
-3.288798776824063304e-03
2.431748998118789078e-03
-1.697284723076388120e-03
-4.302581563178730847e-03
-1.623097681683852590e-03
1.755917209491534431e-03
1.712494100703699888e-03
4.850437404369392982e-03
2.274888849759029719e-04
1.843461581492074342e-03
-1.922328521169043309e-03
-2.808131569075993528e-03
3.079366346337986116e-04
-2.458314650820362952e-03
-1.267691047550474452e-03
3.064977211783904629e-03
4.301635172602312485e-03
-1.901844826410547390e-03
1.323544456905059209e-03
-1.237296988780331626e-03
3.656885563038244844e-04
