-2.851872496434208065e-03
3.131287314312525619e-03
7.161291629041227277e-04
9.951627235048800951e-04
-2.524971499767812190e-03
-8.685745411542433736e-04
5.561264933301099389e-05
2.629662745253674369e-03
-1.523261476093992501e-03
-5.644682156220708069e-04
2.985015307067295787e-03
-3.053121132459641132e-03
3.223618203325158069e-03
1.204601886330138212e-03
1.739037635227768525e-03
-1.146573895957454185e-03
9.686524774265552890e-04
2.120744374280064334e-03
-4.341331948739693934e-03
-3.280394571111451378e-03
-3.529537467216459223e-03
-7.657685694080849231e-04
3.394910689065331819e-03
4.933635493528838040e-03
8.618234979862670828e-04
-2.774255115317051257e-03
1.533863962498637108e-03
6.392470973452281380e-04
4.782201821881019652e-04
1.416381729533836530e-03
-4.030718835028248778e-03
-3.757435630943703475e-03
-4.454122928724236000e-03
-1.934934987043746349e-03
1.130370318167336560e-03
-1.040731088673209001e-03
3.027877519521906396e-03
-2.183714380405893645e-03
