-4.770025940219107217e-03
6.681348681197556844e-04
-2.676900986445975971e-03
-4.955221167673076049e-04
3.334711096403729369e-03
-1.927147581120219801e-03
-2.966115586334803263e-03
4.363150712675198037e-03
1.243001077466720193e-03
-1.479776752751296113e-03
-5.465507200414082556e-04
-4.903274499950028426e-03
5.769098371608280887e-04
-2.686439872290983903e-03
3.480156548690827023e-03
2.856026569007281621e-03
-2.836112320607408251e-03
3.148351475052497961e-03
-2.143881083124525317e-03
-2.288232370520451846e-03
2.672411177885173142e-03
-3.524631301178102281e-03
7.398563207048139412e-04
2.391937727293931906e-03
-1.332031864648566735e-03
-3.433878315343304004e-03
-4.022044918280201671e-03
-5.966194259273060671e-04
-2.667622648459524060e-03
-2.812514218427630483e-03
-4.645252298158793550e-04
1.456482216798171692e-03
4.486144031242915442e-03
1.885948677761955204e-03
1.509199529051833723e-03
1.536423304912786295e-03
8.561408577740202419e-04
7.084494440794987524e-04
