-4.611918359371082812e-03
6.058758748304048092e-05
1.179109206211306077e-03
-6.781653165907003747e-04
-2.472622469624216959e-04
-1.634746197958024394e-03
3.907157928726069651e-03
-1.209120524261788222e-03
-4.374350997424342712e-03
-9.616071080511892633e-04
3.977307389816631469e-03
1.454168255939426377e-03
4.593572857788772931e-03
-1.893130807384958616e-03
-2.110974561199475182e-03
1.935863560364030692e-03
4.951436995934178908e-03
-3.344139212431787751e-03
6.150141730996913636e-04
-3.582600635380931483e-03
4.703364969692248182e-03
-1.334300021697781662e-03
-8.725133647333625439e-04
1.012438433423102149e-03
-4.389092105368350150e-03
-4.788549345339769385e-03
3.579252669049605429e-03
2.692024192375565457e-03
8.501905491949150392e-04
-4.714033539183708384e-03
-3.065284188723646670e-03
-4.432684203271784057e-03
-1.505395893050104437e-03
4.600891295675505963e-03
-4.873516410465953373e-03
-4.052525377523296009e-03
-4.372288799348358554e-03
1.284331817817927629e-03
