1.139174102353071073e-03
2.446064535536231210e-03
-4.215265448919100835e-03
2.552591708104414402e-03
3.984325378395150649e-03
-1.259214796110916593e-03
-4.116276892393363508e-03
-9.384951831192655386e-04
-2.469410586693136789e-03
7.197337562088569965e-04
7.680318278856269887e-04
-2.968502933288645184e-03
2.373639044372586639e-03
-3.900803224534037626e-03
9.203860534123201737e-04
-2.414424776412712418e-03
-1.825657263970063317e-03
2.318665950796505032e-03
-2.398423120500522542e-03
-3.323546636555783917e-03
-9.785574331767675840e-04
-1.479971159536801369e-03
-3.848138535027135522e-03
-3.104645283960794609e-03
6.978585206280267864e-04
-3.460799825274651215e-03
-9.491953748644648900e-04
-2.504380405877974086e-04
-3.258389503650560917e-03
-1.161011983669317862e-03
-2.963642351516123773e-03
1.638931244887786853e-04
7.036945695949679142e-04
4.994981819627484707e-03
-1.834142171491487221e-03
4.246395762603445700e-03
-1.534923304221134932e-03
2.111377905765039580e-03
