-3.390332906276365826e-03
-3.188514002512544791e-03
4.628862343392291245e-03
-1.100192081412489434e-03
2.251214383446115651e-03
3.277822149163412205e-03
-4.511206598201371494e-03
7.200126884348958048e-04
3.633107919877011371e-03
1.647360650117551430e-03
5.498712311777934417e-04
-3.446115546643481811e-04
6.915554344554108307e-04
3.197552099603559114e-03
4.420653911660991572e-03
-2.202423673755932784e-03
8.952481265176231648e-04
4.011676387748058098e-03
4.372713158842429088e-03
-2.240220346458463279e-03
-5.947346077625325494e-04
-4.231885258860605160e-03
3.520945182291726136e-03
2.903513165783662767e-03
-1.559563675312750086e-04
1.582321070967201981e-03
2.306106733720767778e-03
-1.784942956324001191e-03
2.891279529419629735e-03
-1.428494607435759449e-03
-3.555608265600525980e-05
-2.520087227652384205e-03
4.190970884776875488e-03
1.602453223121685401e-03
-1.696699145696839873e-03
2.709398583704033907e-03
2.771324166859092872e-03
4.407219083181548869e-04
