4.530905479092604132e-03
4.390008228547584435e-04
1.598226849334410428e-03
1.129321548766545197e-04
-2.814216401824552825e-03
8.960357140232501350e-04
-4.557740169717641211e-03
3.674697657923357494e-03
3.224247809029915507e-03
2.729252375169373586e-03
4.480385769313180791e-03
1.380799134161961317e-04
-2.510267979424695046e-03
-3.470417123033455765e-03
-3.086896670635796459e-03
4.628853165050295093e-03
2.348769360373425229e-03
4.772389437700235576e-04
4.559862946163983563e-03
-3.172961533847547082e-03
-2.268283914531344595e-03
4.545788581921434909e-03
-3.718118473869473899e-03
8.533455833582680866e-04
-4.664680160328634959e-03
3.689996425193348487e-03
-1.629107120933928534e-03
-4.102722522278468356e-03
3.335756914236903681e-03
-4.292328171072732138e-04
1.510906479724654326e-03
8.967113669053478064e-04
-4.101391312264527841e-04
-4.989207509180780716e-03
3.745629475313443438e-03
1.065608858795152186e-03
4.902631922054402625e-03
-2.329309985784283089e-03
