2.609943246542890255e-03
1.038021251174582951e-03
-3.575044714017305662e-03
2.831741116726873425e-04
-1.141056811102241463e-03
-3.436358211740479351e-03
-3.532621963378380220e-03
-4.592770248200907235e-03
2.510598114728171577e-03
-6.370434491754298212e-04
2.788328481027200351e-03
4.675430136868104908e-03
4.622711475828844910e-03
8.808822733260817522e-04
-1.789649631560626640e-03
-1.805292548787518474e-03
-3.980343745451475623e-03
9.756211036197242129e-04
3.179182792431777330e-03
4.867387851908815122e-03
-3.878053250595289974e-03
-5.540445626967841972e-04
4.248287852844825907e-03
-2.192506243271804059e-03
2.205370074908175049e-03
-4.992778830349934444e-04
3.486179758387240868e-03
-7.142828993705017948e-04
-2.359108344865335893e-03
1.830492110870584818e-03
-4.755021814815170098e-03
-3.342320624797266194e-03
1.166294713786595813e-03
9.390427810446900364e-04
-3.706143103540922648e-04
4.689449359305977380e-03
-4.582002535912638869e-03
-3.560777098025223568e-03
