-3.211209485617479847e-03
4.876675634326779057e-04
3.114645699465555875e-03
2.608320142876048575e-06
1.798718683923008002e-03
1.900172037322895094e-03
-1.273778783655771067e-03
-2.795627545025585609e-03
2.422269990902211310e-03
-2.660743936732012406e-03
-1.629023550772324726e-03
-2.130736208589690487e-03
2.254287451129443481e-03
5.067938603263997047e-04
-1.693713633257038290e-03
-2.123720082334430888e-03
1.915899398000652822e-03
1.224455570786767838e-03
2.541225133114856198e-03
6.641623498815450027e-05
-3.689058722837173631e-03
3.077920227840353837e-03
-3.674089611583255567e-03
-1.763244387494909172e-03
2.833024451873149968e-03
2.242384314158804050e-03
-3.790739885729467636e-03
1.289757477428192349e-03
-3.810652111909302447e-03
3.346701285353323105e-03
1.895788978128589222e-03
-6.513277979371323231e-04
-6.556080551005198653e-04
-1.161815695692360560e-03
1.376665028931210732e-05
1.894689379106233133e-03
-1.693064820858202358e-03
1.433442974670541374e-03
