-3.003704571455959645e-03
4.145672747058374782e-03
-2.867195971072200415e-03
2.540985224956194242e-03
6.735551518323784279e-04
3.244056687636845404e-03
2.291518926921656818e-03
-3.702370954656505724e-03
6.188907742106829549e-04
1.545021934066185230e-03
-3.300467738547574730e-03
-3.998515387325877329e-04
4.743726675659684644e-03
3.335732579795927522e-05
-1.903219632728566854e-04
-1.975607604530680607e-03
1.871416788392111889e-03
4.067960226049927713e-03
4.686940264306889425e-03
-1.479499355518597205e-03
2.883105339774628961e-03
3.682980672410738829e-03
1.261726191103334019e-03
3.131753457624703030e-03
-1.382800185417323423e-03
3.057262388394351230e-03
2.128125224099232903e-03
1.722067200438546705e-04
3.251315131374922507e-03
-3.509731737920148906e-03
-3.169830077701631370e-03
-8.231588366257929987e-04
-3.586807198675053855e-03
-3.028664908959604121e-03
2.469390848259414226e-03
4.965382293152147478e-04
1.722017063964578591e-03
-3.539427981780324944e-03
