1.215921068263584037e-03
-2.043481104509916983e-03
-2.127219200436005105e-03
-2.782521251629728812e-03
-5.375832554833769733e-04
-3.457170612209418872e-03
1.093033022658498540e-03
4.650575815245238179e-03
-3.898963677880758118e-03
-1.900165866768491717e-03
-4.543185049043389941e-03
2.602855999076984610e-03
-2.868112404829104619e-03
-2.157013643908864756e-03
-1.406609200560494932e-04
-1.336086980575968731e-03
-2.476832982938600297e-03
2.499078545126539458e-04
4.831562977696031089e-03
1.495409619239740709e-03
-4.674630904837706429e-03
-1.196675861967660785e-03
5.822221730852252669e-04
-5.671958708090346288e-04
1.283213324032896063e-03
1.188901085932455616e-03
4.786415538429227012e-03
7.258647185893907922e-04
1.241388347310990251e-03
-4.464255468857109693e-03
1.644452402130886989e-03
1.348853374746944965e-03
3.016758120262506143e-03
-2.630193865599249683e-03
3.017767825495008480e-03
3.121400573941028253e-03
2.015297259611818249e-03
4.761018794790945405e-03
