-1.032016189271550005e-03
4.830586136081928272e-03
2.116177524670338761e-04
-2.930178387797182683e-03
4.506815494472656350e-03
3.964174081999314453e-03
-2.787799652992698635e-03
3.917464082280313481e-03
1.582480375518224847e-04
4.283933048517785461e-03
1.487278294035644655e-04
-3.116808286857448377e-03
2.836666382035278253e-03
1.569771636046097922e-03
-2.551120756696433414e-04
3.048024965761987615e-03
3.341962725914022006e-03
1.085536315753829126e-03
-3.721167924312547559e-03
3.926820591122256315e-03
4.125798025401460414e-03
1.611144916803792723e-03
6.925014776230902641e-04
3.314048578105951992e-03
-4.965626977125548770e-03
-3.045796701717825260e-03
-1.598527302526501874e-03
8.271503352326016814e-04
-3.913751354307723820e-03
-4.230705212599677849e-03
-1.942230343440435030e-03
1.802375448831846846e-03
1.143308532220920111e-03
4.957678640974438541e-03
-4.403262430167313030e-03
-2.086341831441278910e-03
4.936799507207796991e-03
1.614952729472889439e-03
