5.148000444079835203e-04
-4.591832275049665020e-03
2.879175390438153473e-03
2.016374535179885248e-03
-3.673583983003082809e-03
-4.513353990868071083e-03
4.591006167459731752e-03
3.773882535724708623e-03
2.920943690679632040e-03
-4.379837062502090449e-03
1.422546652652369008e-03
4.089878422534189845e-03
1.183300113982760707e-03
1.912632625857910683e-03
-4.511238843122522199e-03
2.788773141801203191e-03
3.648402857070345492e-03
-2.534910201363698747e-03
-5.026383889991355505e-04
-4.500387999588125604e-03
-1.321484144078355957e-03
-4.371057857436855265e-04
1.501076681000310456e-04
4.567733014703258612e-03
2.725536959867604428e-03
2.764164430820916646e-04
1.329071448448867696e-03
-4.439163180208660804e-03
1.951640864205133816e-03
3.785159650817002466e-03
3.945169454651753851e-03
3.835549262638512230e-03
2.039013699661651642e-03
-2.167282016558249105e-03
-2.199417731496507850e-03
-1.537711494888716144e-03
-4.882828266276487486e-04
-2.615029601954199645e-04
