-4.841254949927056850e-03
1.891874044061749027e-03
-8.521898377786170375e-04
1.286682572968274318e-03
-2.768370074344620770e-03
-2.170138906863708101e-03
3.942457140055311005e-03
-4.330877925104289518e-03
-3.863991343601448289e-03
3.251900499005862949e-03
-4.984909247741334433e-03
4.196759684454695605e-03
2.156206607024811414e-03
-4.361124362518569927e-03
2.623140043982907094e-03
3.615829474217392009e-04
-3.620170809354307344e-03
1.415050951195317118e-03
-2.644698221814345985e-03
-1.806971301931512876e-03
-4.872097388610884504e-03
2.153504479820564019e-04
6.811120191692332515e-06
4.590738737186246532e-03
-3.346871226239804195e-03
-3.618911379155006700e-04
1.271961719927692386e-03
1.004474978790262374e-05
4.572779762074088636e-03
-3.481113109513073178e-03
1.690627261586408886e-03
7.382797067685391984e-04
2.875189731467348714e-03
2.631100053106663963e-04
-7.660739219099519520e-05
-1.760771150214222522e-04
1.417807790491919413e-03
4.179167757802281988e-03
