3.343865679184689077e-03
-1.498613291304520638e-03
3.089659250966110549e-03
-2.060358821849932708e-03
-4.450972248536599375e-03
4.756146221689917450e-03
1.182507187085320502e-03
-3.606072462248458357e-03
-2.554549771435302066e-03
-1.192600192716716540e-03
-3.810355392774475783e-03
3.268285403954473284e-03
-4.394143535828200046e-03
-4.433444431951510077e-03
-2.877148811563288305e-03
-3.869217586580007539e-03
4.698006701831571388e-03
-4.282204085932161952e-03
4.297096497742408303e-03
-4.017800210306843312e-03
-4.423865250252436744e-03
9.524259754616071216e-04
3.007489088583491579e-03
-4.980714302076626535e-03
-4.201654392904749513e-03
-2.538959050274923468e-03
-4.664837006030673160e-03
-3.531491474827096362e-03
-2.238441828726429363e-03
-2.255436560964259839e-03
1.826009539647086531e-03
1.275659316193352051e-03
3.706681460028057179e-03
-1.540840455507160121e-03
-4.205995705061278157e-03
-4.497447171594014942e-04
1.361313356410639996e-03
8.422141618552106412e-04
