-2.282828342122493297e-03
-1.356697699848506862e-03
4.826989070026111925e-04
-4.090542300061177257e-03
7.318411066590179911e-04
-2.458672549362940843e-03
-2.259480220000733251e-03
2.501582582092910789e-03
-2.341428915455987057e-03
-2.797570599480896873e-03
-4.144165747080717603e-03
3.426481290899750787e-03
8.396600530199251414e-04
-4.110902074136498635e-04
-2.351172040332765670e-03
-2.495593761194046106e-05
1.435952959951618951e-03
-2.714451099954489233e-03
1.403935065693927980e-03
6.856008242709481226e-04
4.382823625115533223e-03
-2.204352803848667886e-03
-4.438819411433144596e-03
9.944676124589487548e-05
4.694356814914977735e-03
2.982466925312060937e-03
8.735787905828394997e-04
2.308693533485429994e-03
-2.616919453317020309e-03
4.186207911142781832e-03
4.290013281033700290e-04
4.411663797430869297e-03
-8.528118459925054101e-04
-3.543048452694948832e-03
2.342504297923500567e-03
3.819461184740991291e-03
-1.108891298644266738e-03
1.821627855006194459e-03
