-3.545042187709490731e-03
3.913067082103316441e-04
-3.274495979915050241e-03
-3.458289130115000179e-03
-9.640275666077521496e-04
2.185440995039064464e-03
-3.062675671096340771e-03
-2.004821811277459655e-03
-3.480587058413986586e-03
-8.227159717249903081e-04
-3.879275848301962266e-03
2.450077086741206389e-03
3.955794125162467520e-03
1.462512334326132764e-03
2.276760979808291861e-03
-1.067149308653743064e-04
-2.058320564928034242e-03
3.720870477666440510e-03
-2.045275225986071480e-03
-2.613675494810467972e-04
4.508585723401278833e-03
3.548221687573202207e-03
4.626354534325100715e-03
-3.051120170317409529e-03
4.244570972081616184e-03
-3.106282586659230883e-03
1.147919504076629245e-03
4.876871385651026375e-03
-1.800695264829160064e-03
-3.028915470911217218e-03
4.688825663234559918e-03
2.719179520371856236e-03
3.117988461237335140e-03
-1.971695598197594629e-03
1.875048217002781015e-03
2.750183707283334125e-03
1.984117027456678943e-03
8.781443245727280425e-04
