-3.918618658634877988e-03
-3.223132261864577845e-03
2.134469975426916272e-03
6.967716147746032956e-04
4.735667203571124195e-03
4.329232034718868971e-04
3.297052455849944566e-03
-7.299305859980497260e-04
-2.894777475339369716e-03
-4.760890928814071922e-03
-1.207257469558358116e-03
-1.536723932977117693e-04
1.078242022606919898e-03
-1.757934063380621990e-03
6.089155174463850226e-04
1.582573236309278882e-03
-2.809968887745387112e-04
1.632663745812067829e-05
-2.113978969976162622e-04
2.769023276044660017e-04
2.279223456685381712e-03
-4.018946184322781667e-03
3.808482255141758602e-03
-1.574061286603676418e-04
-3.666265877518455618e-03
1.032079355426603930e-03
-2.696558359112713465e-05
3.619703730525994020e-03
-2.501659066502012491e-03
3.236174262468277663e-03
-6.559463145998228883e-04
-2.879842530069667925e-03
3.255015179558427146e-03
2.425613315826779734e-03
-3.816200195843813883e-03
-4.821827825113169513e-03
1.221424614472132499e-03
4.611731464566436525e-03
