-2.845436570979220300e-03
-1.990338055669117669e-03
-2.055970922368258874e-04
-2.806163809059345534e-03
1.038976271772568474e-03
-3.776814187871445263e-03
2.230676007217296218e-03
1.861534650299241297e-03
3.825523017698090333e-03
1.221248316642683726e-03
-1.341021580476147584e-03
1.721175479265715791e-03
-1.263680547559332609e-04
-2.049542174741612790e-03
-4.998586876668363946e-04
-2.734883159337424350e-03
1.820417273192899248e-03
2.187226334262674411e-03
3.588441106662274005e-03
-2.058058433416929713e-03
3.976375556197994654e-04
-9.590588604208331522e-04
-3.391715269850472704e-03
-3.145478545228243793e-03
3.619402095554558052e-03
-1.928614656341887026e-03
3.952843557618060388e-03
-2.331091329524186129e-05
2.589532608518282063e-03
-3.085489063653731878e-03
3.616866667750196981e-04
4.209221774695277515e-03
-4.437872854011011906e-03
3.791317051864166385e-03
6.021960953815110040e-05
4.854491141821605515e-03
2.127707012055495006e-03
1.005674505377176543e-03
