2.384739562611246956e-03
-2.972552117646696038e-03
-2.805631914465262031e-03
-4.054512432425444110e-03
-3.380041589050091985e-04
-4.955388373410032736e-03
-2.788788508058161891e-04
-3.861633915025310462e-04
2.717555139110926742e-03
-1.221632109957594085e-03
-3.340943371314189329e-03
7.922480773683484440e-04
3.188658232296517556e-03
3.810453967879946433e-03
3.605977758640797545e-03
-1.763808476699521392e-03
-4.444006453969984345e-03
1.806909152664660199e-03
-4.392186608111249037e-03
3.325067295827963815e-03
-2.281211102502770163e-03
-2.843799851569347309e-04
-1.078681100530007667e-03
-1.108099664202576162e-03
1.614760026463904659e-03
-4.061633220596575118e-03
1.447602588406670700e-03
1.959253035143016311e-03
-2.944298733256818686e-03
-6.027541368042906023e-04
3.165308768798582445e-03
-2.077392223497301349e-03
1.848573368798392055e-03
-4.390739525563960681e-03
-2.626590247861669385e-03
-3.568026840023547433e-03
-3.079281654170416306e-03
2.452367071672707267e-03
