9.205162664537571912e-04
2.013939569336112290e-03
4.161301971977724931e-03
4.540357660607804643e-03
4.415761709397465068e-03
2.779825101399171702e-03
4.113088603813817509e-03
1.542426097401548152e-04
-1.687315154091035066e-04
2.796701050374874806e-04
-4.158918485115726399e-03
-4.140348442446996000e-03
3.232683595178581851e-03
6.781201963923771253e-04
4.558309322353057413e-03
-4.187700142233753350e-03
-2.312688724838324154e-03
1.785549437797696523e-03
-1.414274842315406747e-04
1.927492379437680328e-03
-3.644966322943767999e-03
2.189223878790086397e-03
2.832074574758279562e-03
-1.157421749500976097e-03
-4.070377373569091482e-03
3.015539008489692696e-03
2.573530178691190405e-03
2.060690075519924953e-03
-3.133196102792092097e-03
-3.651808541859840294e-03
-2.676691503837260247e-03
4.286626195226969985e-03
-3.177139260428947336e-03
-3.015671881759894417e-03
-4.640566085135485949e-04
1.025421933963230857e-03
-2.695242510665195497e-03
-3.252145018286245470e-03
