1.470111870023283092e-03
2.568207556003725134e-03
-3.199902840606907994e-04
3.702714873588038025e-03
-2.597387846015427465e-03
-3.392894258337835096e-03
-2.629079178141987150e-03
2.976000809833238142e-03
1.136050223161412520e-04
3.912580225846592000e-03
-3.766651783871823554e-03
-5.697819594577312532e-04
4.111630683448134690e-03
-2.834838412723769772e-03
-1.753901623962669711e-03
1.112127005224247331e-03
-1.032754351525120087e-04
1.226698898743207485e-03
-4.289165566967866050e-03
-2.145042976566091664e-03
4.342902508926688165e-03
3.503179970193533513e-03
4.019838017301340452e-03
1.615283909441953512e-03
-2.120743279014381498e-03
8.977754402234782924e-04
3.059559733264625991e-03
4.745489673350504131e-03
7.604240782390922840e-04
1.914036572697114594e-03
4.698003055776372311e-04
3.175138043196449114e-04
-2.619187217288076672e-04
-3.602989793791532957e-03
-7.115752409401600656e-04
4.308670187587373274e-04
-4.827036866609141046e-03
1.858961186584585576e-04
