-3.986286536509587967e-03
-4.837820862139568558e-03
2.456467534690824975e-03
2.986844171480691409e-03
2.114860663841222101e-03
-2.118260526321111541e-03
-1.276231614227449785e-03
-1.991726673745637926e-03
4.208930830389581365e-03
1.924154110819098658e-03
-2.850929343454502562e-03
4.557965164389785398e-03
-7.373179649028524171e-04
-4.891802400405325865e-03
8.672644040523536102e-06
-4.465338316755133527e-03
1.191449051247519923e-03
-3.804744160426765283e-03
-4.647115829365890474e-03
-1.913275015352663023e-03
-1.096395118766753819e-03
1.788182385498218556e-03
5.275949888695523685e-04
-7.984911413049166837e-04
-2.697399430968711737e-04
2.832299697135269578e-03
2.003325048258400992e-03
2.703462505250530876e-03
1.059257135403966765e-04
-3.228239589006138069e-03
4.111707491479422300e-03
-4.227026911730710941e-03
3.688142984586207859e-03
3.123481564924122239e-03
-4.260930032313724192e-03
-4.166368314164277213e-03
-2.915190861481869143e-03
9.376989394890592952e-04
