4.440763190305759348e-03
2.944273818827728567e-03
2.653834655398987566e-03
1.698544078078264956e-03
-4.675589142691083736e-03
-3.931883355420626690e-03
1.419201654589316054e-03
-2.596827744280268829e-03
-1.053478365567543304e-03
2.762669990696769128e-03
-1.818962343456943798e-03
-1.058602027237186965e-03
3.839953479860908070e-03
-6.599770396281149851e-04
-2.480372438790614739e-04
4.922310400966516120e-03
-1.613523975405409608e-03
3.331242921361905057e-03
2.222017354468583568e-03
-3.464185000227213047e-03
2.002850851660585400e-03
-1.571545103720976833e-03
4.880417497338595395e-03
-3.176708828923491788e-03
2.227409075471562666e-03
2.471045911112495184e-03
4.137442397226034907e-05
2.882389517648959246e-03
-1.838232701967621591e-04
2.580362734074890391e-03
-2.096542827537166680e-03
-3.233246306872160879e-03
3.279635094503151327e-03
1.901586665486766636e-04
4.434810300658892715e-03
3.840736908964352547e-03
5.245958183668414029e-04
4.288577321839509918e-03
