-1.576875999045562141e-03
-2.411628707118046704e-03
-3.742520750839296168e-03
3.599410959529857415e-03
-3.260843288993963123e-03
-2.496111611992536151e-03
1.143973611606677147e-03
2.559318162796220611e-03
2.285116383156672419e-03
3.997785676666686452e-03
-3.316785787925635373e-04
2.978230630205063595e-04
4.275081087672947047e-03
4.730412230311495381e-04
1.368843833519601226e-03
2.756425488769623580e-03
4.374175899193373518e-03
-3.103285672538708649e-03
-3.357982113049706556e-03
4.626630432601169796e-03
4.119214084372048792e-03
2.031667382891929989e-03
2.703165276371672504e-03
1.450415594933384712e-03
1.800165968375054895e-03
-1.273818301957596426e-03
-1.749950377135107548e-03
4.695564097925342475e-03
-2.684454719603447757e-03
-1.871948314823064768e-03
-9.901528449996026271e-04
1.669719254975992641e-03
2.066201489948427464e-03
-7.915602231137672251e-04
-3.268616490697619052e-03
-6.389230421239575422e-04
-4.038621455122826630e-03
-4.719449672165264981e-03
