-1.567170796204478325e-03
-2.599928548622654299e-03
8.037343170089455285e-05
7.741922190681455040e-05
-1.446211088141170342e-03
-1.616914658164219851e-03
5.332775470093340658e-04
-3.595839518097218752e-03
3.228800873359876158e-03
7.867651904477192606e-04
-2.136079680031615583e-03
3.091385707941993535e-03
2.972819450927212045e-03
3.672071044892463720e-03
2.875758336876414745e-03
-4.938401043251566640e-03
6.491031190007223034e-04
-5.410966763071036606e-05
-2.602397841055904826e-03
-4.828253824490099690e-03
-3.110173235656774407e-03
-1.530266642592989848e-03
-1.561783437454204553e-03
3.123985592743154169e-04
-3.027581153046549067e-04
-3.346248185286342710e-03
-2.081676510234530594e-03
4.400922235764163221e-03
-9.223230989456581569e-04
2.752347250119015383e-03
-2.855779516143660927e-03
-1.418699233293606917e-03
6.504770487768523485e-05
-5.286690664858097535e-04
-2.328057513777763952e-03
1.232718258052952973e-03
-1.933331771392651083e-03
4.898708399565738017e-03
