2.630628637403356965e-03
1.227018667569278361e-03
2.315118175052571954e-03
2.612066100093277110e-04
-1.101924607938026962e-04
3.006684254285279384e-03
-3.837978822482568733e-03
-4.067678440360832787e-03
-1.748667713644145704e-03
-2.558083724230582681e-03
3.143017869312831475e-03
1.416705167662166143e-03
-3.106166468398617250e-04
-2.290629019254843135e-03
1.069960003786664567e-03
-1.584813163504368051e-03
4.189306970857556087e-03
-4.012213083001552397e-03
-2.121412195977359378e-03
2.281537986100668283e-03
-4.909452435819354477e-04
-2.216773515826796215e-04
3.273433013360745741e-03
-7.143318904325509505e-05
-6.349615432923814279e-04
-3.302063838431020838e-03
-1.605928569174478338e-03
1.191848023248781065e-03
2.737009560351503362e-03
2.251952807036878071e-03
4.741556116741024035e-03
3.765811845058327986e-03
4.299270477765815626e-03
4.430617309234892442e-03
2.992321375310785098e-03
-2.322160259116238211e-03
3.255307589562944290e-03
-2.787395747737426901e-03
