-2.630097951012440750e-03
-1.285943802807421998e-03
3.051354429092973872e-03
-4.887384912381581570e-03
-2.725467937022005641e-03
1.235962743961097760e-03
3.195751953031468126e-03
-4.356486982172838411e-03
-3.573856951912477049e-03
1.355547424034975884e-03
4.315992706821402888e-03
-1.649815320127539717e-03
-3.185246589374792110e-03
-1.219739217601360174e-03
-3.128658085466078098e-03
2.193377585189870346e-03
-4.368870799711441558e-03
7.085723620217513133e-04
9.741471838287923263e-04
1.087818600618466365e-03
4.172435065308873273e-03
3.609053045449421224e-03
-1.770363695182697057e-03
-1.537064353295566725e-03
2.524950930241107866e-03
4.880702712127430593e-03
2.262923652609778735e-03
-1.846148281649287373e-03
-1.324045570202340462e-03
4.281241291807664703e-03
-4.194508634772720936e-03
-3.387802619365849928e-03
3.195100523595917688e-04
-2.836882938236310464e-04
7.619961522243815649e-04
-3.611702157717415138e-03
1.321603096998869194e-03
-2.203869911196653947e-03
