4.961521574251268052e-03
1.407059940750616731e-03
3.361532855812057047e-03
3.646464956259721016e-03
-3.920600695271998608e-03
3.208857346997657026e-03
-6.923043058637366048e-04
2.870976076671468563e-03
-2.853595666720929337e-03
2.184717368140756677e-03
-5.588294354062590605e-04
4.539438989591339235e-03
3.878807815679313764e-03
-4.745966416777884674e-03
-2.315480900877443359e-03
-3.260424860179671029e-03
-1.317991402164161909e-03
-3.317717039205561082e-03
1.602976450539666219e-03
3.265972690928641356e-03
-1.169651381700899904e-03
1.848108023487856841e-03
-1.656329429440112598e-03
4.176183282700767288e-04
2.423999883212357015e-03
1.838573050933900790e-03
7.879356191970374179e-04
-2.883495061941142128e-03
3.915528916932219106e-03
1.590286339866344052e-03
3.980638758450432552e-03
-4.204499921555856362e-03
-2.806224531348664245e-03
-9.934710803901824691e-04
3.193921257982047790e-03
-4.248003122292073365e-03
-4.002217922988366913e-03
7.415181881931624808e-04
