2.235186036226278171e-03
-4.640156750443562642e-04
-2.286943068764124651e-03
-4.741567318842457128e-03
4.069473995808729413e-03
-4.464855726502016744e-03
-1.373859209053546453e-03
-2.446044136288859621e-03
4.048203700585846498e-03
4.536054725408633637e-04
-2.360904854606532283e-03
1.725108186967906805e-03
7.099208180747175120e-04
-3.576630732781994719e-03
8.821724764286591886e-04
2.026834348530993923e-03
-1.475259977340093002e-03
-3.368401034362835528e-04
1.239679868066096043e-03
1.509386668270435231e-03
-4.984211883498196154e-03
4.955439225492882030e-03
-3.188830480155978482e-03
-4.283382194635019548e-03
3.973683395364921780e-04
4.182430977444907133e-03
1.788065222065280367e-03
-3.422937225428448506e-03
4.780144575317850711e-03
4.705268967307128791e-03
4.496980265783104974e-03
1.956160670401289360e-03
-3.559788062317084147e-03
8.760714830378067697e-05
-4.959388709440938625e-03
-2.141898708856637169e-03
-4.062705044342185094e-03
-2.302149052213912743e-03
