-4.655670958456604655e-03
1.180164511266884771e-03
-3.228684833113343831e-03
-2.893779100135107207e-03
-4.848753675979245586e-03
-7.162319474033947836e-04
2.759365326831775787e-03
-4.464407884797273740e-03
-3.387931667737500117e-03
4.627195068740817471e-03
4.286138151379124614e-03
-4.546778782145054904e-03
3.127857902689993447e-03
7.117796705666369975e-04
-2.548697423992857258e-03
3.447138697738211591e-03
-1.069929056978326416e-03
4.242148674546671397e-03
-4.468206995502088490e-03
4.384563660977317326e-03
-1.104126367808119877e-03
-3.462453301129618955e-03
-3.979350015120708926e-03
-1.243455315774582778e-03
-4.102852259839675532e-03
1.343755934622411878e-03
-6.671552357509023118e-04
7.715148304548394981e-04
9.001168970276694423e-04
1.512319630051839510e-03
1.191511515213642715e-03
3.725745668656018500e-03
-8.047586019389240883e-04
-3.365357134522137597e-04
3.780106582621204844e-03
2.488450879708632886e-03
2.325841002041705713e-03
-3.330947900663915745e-04
